%%MatrixMarket matrix coordinate real general
25000 25000 85220
1 1 368.8578385
4 1 -0.138037042
5 1 -163.6099508
6 1 -204.1098506
2 2 7.096433854
4 2 0.3081442378
454 2 -3.393391295
4494 2 -2.394898321
3 3 1.047880367
4 3 -0.04788036704
1 4 -0.138037042
2 4 0.3081442378
3 4 -0.04788036704
4 4 1.494061647
1 5 -163.6099508
5 5 164.6099508
1 6 -204.1098506
6 6 208.2980657
39 6 -3.18821505
7 7 179.2389623
8 7 -171.5842613
334 7 -3.014129295
4634 7 -3.640571623
7 8 -171.5842613
8 8 172.5842613
9 9 190.7476495
10 9 -189.7476495
9 10 -189.7476495
10 10 195.3383621
305 10 -1.752699873
334 10 -2.838012654
11 11 686.6708243
12 11 -185.4193005
13 11 -139.905574
14 11 -184.6098166
15 11 -175.7361333
11 12 -185.4193005
12 12 186.4193005
11 13 -139.905574
13 13 155.9874117
21 13 -8.510006091
54 13 -4.55644134
9887 13 -2.015390343
11 14 -184.6098166
14 14 185.6098166
11 15 -175.7361333
15 15 176.7361333
16 16 182.2651546
17 16 -0.267937633
18 16 -172.7344056
53 16 -5.794164101
175 16 -2.468647285
16 17 -0.267937633
17 17 17.73342186
25 17 -10.10024754
69 17 -6.365236688
16 18 -172.7344056
18 18 173.7344056
19 19 171.8126468
20 19 -166.7630485
168 19 -2.259728101
10008 19 -1.789870181
19 20 -166.7630485
20 20 167.7630485
13 21 -8.510006091
21 21 233.4545005
22 21 -214.2095815
28 21 -9.734912941
21 22 -214.2095815
22 22 215.2095815
23 23 33.78379842
36 23 -9.109472867
54 23 -13.1415173
76 23 -6.574873734
408 23 -3.957934521
24 24 316.1371466
25 24 -154.7193967
26 24 -160.4177499
17 25 -10.10024754
24 25 -154.7193967
25 25 171.3274317
28 25 -5.507787526
24 26 -160.4177499
26 26 161.4177499
27 27 260.2145507
28 27 -0.2053560685
29 27 -242.2573805
31 27 -9.529248761
81 27 -2.813175412
168 27 -4.409390017
21 28 -9.734912941
25 28 -5.507787526
27 28 -0.2053560685
28 28 21.08267171
499 28 -4.63461517
27 29 -242.2573805
29 29 243.2573805
30 30 380.6473802
33 30 -0.4030583797
34 30 -180.0128113
35 30 -199.2315105
27 31 -9.529248761
31 31 21.52382884
33 31 0.9488638074
52 31 -6.561694091
10008 31 -3.484022179
32 32 1.166027884
33 32 -0.1660278838
30 33 -0.4030583797
31 33 0.9488638074
32 33 -0.1660278838
33 33 2.517950071
30 34 -180.0128113
34 34 199.184255
178 34 -6.641516442
10006 34 -11.52992721
30 35 -199.2315105
35 35 200.2315105
23 36 -9.109472867
36 36 21.42152789
9930 36 -3.471951211
9949 36 -7.840103811
37 37 167.2456197
38 37 -154.106371
408 37 -4.183945316
499 37 -7.955303449
37 38 -154.106371
38 38 155.106371
6 39 -3.18821505
39 39 9.8199922
65 39 -3.211769326
162 39 -2.420007824
40 40 13.26922292
314 40 -4.752127095
499 40 -7.517095827
41 41 240.6498431
42 41 -204.3703291
54 41 -9.224690485
69 41 -8.39418029
76 41 -8.057348435
295 41 -9.603294803
41 42 -204.3703291
42 42 205.3703291
43 43 505.9359067
44 43 -168.3893451
45 43 -178.8232114
46 43 -157.7233502
43 44 -168.3893451
44 44 174.8031169
150 44 -2.329122204
312 44 -3.084649614
43 45 -178.8232114
45 45 179.8232114
43 46 -157.7233502
46 46 158.7233502
47 47 249.1843618
48 47 -0.1862112811
49 47 -247.9981505
47 48 -0.1862112811
48 48 12.28850034
388 48 -7.173326502
413 48 -3.928962561
47 49 -247.9981505
49 49 257.4695782
289 49 -5.084879428
395 49 -3.386548285
50 50 240.076293
51 50 -221.5958157
314 50 -10.77155818
388 50 -6.708919052
50 51 -221.5958157
51 51 222.5958157
31 52 -6.561694091
52 52 14.38456397
53 52 -3.372329005
9728 52 -3.450540875
16 53 -5.794164101
52 53 -3.372329005
53 53 226.0416921
54 53 -0.1338782825
55 53 -215.7413207
13 54 -4.55644134
23 54 -13.1415173
41 54 -9.224690485
53 54 -0.1338782825
54 54 58.53268626
66 54 -11.61124566
167 54 -10.83817574
295 54 -8.026737444
53 55 -215.7413207
55 55 216.7413207
56 56 10.6378552
70 56 -3.862641188
312 56 -5.775214015
57 57 537.1448939
58 57 -174.2792459
59 57 -183.1245355
60 57 -178.7411126
57 58 -174.2792459
58 58 175.2792459
57 59 -183.1245355
59 59 193.2632057
66 59 -6.932470489
9949 59 -2.206199793
57 60 -178.7411126
60 60 179.7411126
61 61 190.0888493
62 61 -0.4645967807
64 61 -174.9661218
158 61 -8.962311525
426 61 -4.695819276
61 62 -0.4645967807
62 62 173.4429469
63 62 -0.1670513449
65 62 -171.8112988
62 63 -0.1670513449
63 63 3.489088565
150 63 -2.32203722
61 64 -174.9661218
64 64 175.9661218
39 65 -3.211769326
62 65 -171.8112988
65 65 180.1168507
149 65 -3.238209468
9728 65 -0.8555731269
54 66 -11.61124566
59 66 -6.932470489
66 66 219.5865148
67 66 -171.7539636
76 66 -8.36320376
295 66 -19.92563127
66 67 -171.7539636
67 67 172.7539636
68 68 203.4278868
69 68 -202.4278868
17 69 -6.365236688
41 69 -8.39418029
68 69 -202.4278868
69 69 221.9030343
328 69 -3.715730516
56 70 -3.862641188
70 70 206.5558691
71 70 -197.9554798
337 70 -3.737748055
70 71 -197.9554798
71 71 198.9554798
72 72 195.3754738
73 72 -194.3754738
72 73 -194.3754738
73 73 210.4621303
79 73 -3.209683682
150 73 -3.949464584
214 73 -4.24231071
328 73 -3.685197467
74 74 197.2145684
75 74 -194.1318339
10008 74 -1.009855928
10148 74 -1.072878516
74 75 -194.1318339
75 75 195.1318339
23 76 -6.574873734
41 76 -8.057348435
66 76 -8.36320376
76 76 225.8642286
77 76 -172.0503764
167 76 -14.30181077
295 76 -15.51661557
76 77 -172.0503764
77 77 173.0503764
78 78 452.7194438
79 78 -0.3155835211
80 78 -197.7587343
81 78 -253.6451259
73 79 -3.209683682
78 79 -0.3155835211
79 79 4.525267203
78 80 -197.7587343
80 80 198.7587343
27 81 -2.813175412
78 81 -253.6451259
81 81 261.3975917
218 81 -3.939290329
82 82 190.9552906
83 82 -166.8697681
100 82 -5.392985699
141 82 -3.722405856
176 82 -7.291014727
300 82 -6.679116221
82 83 -166.8697681
83 83 167.8697681
84 84 23.39777779
90 84 -6.986090186
98 84 -6.350214104
190 84 -9.061473497
85 85 217.6663366
88 85 -0.7116007077
89 85 -215.9547359
86 86 33.58846568
88 86 -0.3539756055
90 86 -9.378242289
93 86 -5.789476745
98 86 -11.77095639
190 86 -5.295814649
87 87 1.048731593
88 87 -0.04873159295
85 88 -0.7116007077
86 88 -0.3539756055
87 88 -0.04873159295
88 88 2.114307906
85 89 -215.9547359
89 89 240.1233427
92 89 -7.837587191
146 89 -9.240945837
219 89 -6.090073775
84 90 -6.986090186
86 90 -9.378242289
90 90 25.95920536
98 90 -8.594872884
91 91 49.61660614
92 91 -1.595470316
178 91 -26.42179512
383 91 -10.04896236
426 91 -10.55037833
89 92 -7.837587191
91 92 -1.595470316
92 92 227.8544825
93 92 -0.8578465187
94 92 -187.6172608
101 92 -12.38822901
106 92 -4.831926702
168 92 -3.967684679
218 92 -7.758477329
86 93 -5.789476745
92 93 -0.8578465187
93 93 55.76353446
97 93 -7.192098169
98 93 -27.38530363
300 93 -13.5388094
92 94 -187.6172608
94 94 188.6172608
95 95 36.64086117
108 95 -19.27830038
176 95 -7.950799658
225 95 -4.284294334
300 95 -4.127466804
96 96 24.5397337
205 96 -11.09910363
358 96 -12.44063007
93 97 -7.192098169
97 97 25.10127753
104 97 -5.040172591
108 97 -11.86900677
84 98 -6.350214104
86 98 -11.77095639
90 98 -8.594872884
93 98 -27.38530363
98 98 262.4114772
99 98 -185.2080504
214 98 -8.159903872
331 98 -13.94217594
98 99 -185.2080504
99 99 186.2080504
82 100 -5.392985699
100 100 32.95029192
167 100 -4.505044317
169 100 -5.132881259
176 100 -5.417969665
190 100 -4.966893189
328 100 -6.534517792
92 101 -12.38822901
101 101 237.5379107
102 101 -214.5922747
175 101 -6.819024985
9869 101 -1.135337745
9893 101 -1.603044317
101 102 -214.5922747
102 102 215.5922747
103 103 622.0056952
104 103 -0.1391239019
105 103 -216.7743017
106 103 -217.0400384
107 103 -187.0522312
97 104 -5.040172591
103 104 -0.1391239019
104 104 16.44061795
135 104 -4.964642911
187 104 -5.296678542
103 105 -216.7743017
105 105 217.7743017
92 106 -4.831926702
103 106 -217.0400384
106 106 227.1665279
136 106 -4.294562707
103 107 -187.0522312
107 107 188.0522312
95 108 -19.27830038
97 108 -11.86900677
108 108 43.11010422
300 108 -10.96279708
109 109 6.110435312
151 109 -2.435489363
448 109 -2.674945949
110 110 223.8571114
111 110 -0.7557196771
112 110 -222.1013918
110 111 -0.7557196771
111 111 21.02147875
124 111 -19.26575907
110 112 -222.1013918
112 112 246.9229012
116 112 -8.489495801
117 112 -6.326192145
424 112 -9.005821516
113 113 415.8515633
114 113 -0.2605368154
115 113 -210.8258607
116 113 -203.7651658
113 114 -0.2605368154
114 114 9.969743432
123 114 -3.736746066
124 114 -4.97246055
113 115 -210.8258607
115 115 211.8258607
112 116 -8.489495801
113 116 -203.7651658
116 116 219.5395487
181 116 -6.284887079
112 117 -6.326192145
117 117 10.05775058
448 117 -2.731558439
118 118 282.8253253
119 118 -265.9703952
210 118 -4.02318458
379 118 -5.723729487
448 118 -4.789173743
9869 118 -1.318842273
118 119 -265.9703952
119 119 266.9703952
120 120 16.59354929
123 120 -6.854729481
130 120 -3.851366095
148 120 -2.064344183
197 120 -2.823109527
121 121 329.7422195
122 121 -160.4408032
123 121 -168.3014163
121 122 -160.4408032
122 122 161.4408032
114 123 -3.736746066
120 123 -6.854729481
121 123 -168.3014163
123 123 189.280329
439 123 -9.387437154
111 124 -19.26575907
114 124 -4.97246055
124 124 201.9177865
125 124 -169.0882966
482 124 -7.591270266
124 125 -169.0882966
125 125 170.0882966
126 126 166.8568273
127 126 -162.3594356
292 126 -1.892956295
369 126 -1.604435457
126 127 -162.3594356
127 127 163.3594356
128 128 27.1155966
238 128 -3.061217646
416 128 -4.589441397
475 128 -12.52037691
486 128 -5.944560652
129 129 18.63014608
146 129 -9.262639501
379 129 -3.570196545
463 129 -4.797310037
120 130 -3.851366095
130 130 267.8594867
131 130 -244.518636
197 130 -4.900248633
233 130 -1.119684498
486 130 -12.46955149
130 131 -244.518636
131 131 245.518636
132 132 204.7131287
133 132 -198.7083954
163 132 -2.058110965
184 132 -2.946622268
132 133 -198.7083954
133 133 199.7083954
134 134 210.9932981
135 134 -209.9932981
104 135 -4.964642911
134 135 -209.9932981
135 135 250.0455264
137 135 -34.08758536
106 136 -4.294562707
136 136 213.0535322
139 136 -0.1235550339
140 136 -202.8002661
371 136 -4.83514838
135 137 -34.08758536
137 137 35.31092491
139 137 0.223339554
138 138 1.052852021
139 138 -0.05285202128
136 139 -0.1235550339
137 139 0.223339554
138 139 -0.05285202128
139 139 1.399746609
136 140 -202.8002661
140 140 203.8002661
82 141 -3.722405856
141 141 20.69191996
143 141 -9.321683976
207 141 -6.647830126
142 142 394.2382706
145 142 -0.1020353027
146 142 -224.2104128
147 142 -168.9258225
141 143 -9.321683976
143 143 24.32013729
145 143 0.1726618631
205 143 -13.82579145
144 144 1.043562406
145 144 -0.04356240569
142 145 -0.1020353027
143 145 0.1726618631
144 145 -0.04356240569
145 145 1.318259572
89 146 -9.240945837
129 146 -9.262639501
142 146 -224.2104128
146 146 243.7139982
142 147 -168.9258225
147 147 169.9258225
120 148 -2.064344183
148 148 8.071561568
475 148 -5.007217385
65 149 -3.238209468
149 149 13.96354917
175 149 -4.101171848
219 149 -5.624167852
44 150 -2.329122204
63 150 -2.32203722
73 150 -3.949464584
150 150 9.600624008
109 151 -2.435489363
151 151 229.0806449
152 151 -0.3266676159
153 151 -221.4822889
159 151 -3.836198997
151 152 -0.3266676159
152 152 11.63496634
156 152 -7.047646538
292 152 -3.260652186
151 153 -221.4822889
153 153 222.4822889
154 154 691.8455486
155 154 -208.8701906
156 154 -214.7588512
157 154 -267.2165068
154 155 -208.8701906
155 155 209.8701906
152 156 -7.047646538
154 156 -214.7588512
156 156 226.7754988
454 156 -3.969001027
154 157 -267.2165068
157 157 268.2165068
61 158 -8.962311525
158 158 15.44872801
159 158 -0.9135679478
4727 158 -4.572848541
151 159 -3.836198997
158 159 -0.9135679478
159 159 197.0578313
160 159 -0.2607586149
161 159 -178.5798608
162 159 -9.127712875
191 159 -3.33973199
159 160 -0.2607586149
160 160 7.500724332
179 160 -3.603730918
234 160 -2.636234799
159 161 -178.5798608
161 161 179.5798608
39 162 -2.420007824
159 162 -9.127712875
162 162 204.7914256
163 162 -0.2733005316
164 162 -189.6654008
191 162 -2.305003613
132 163 -2.058110965
162 163 -0.2733005316
163 163 5.535018663
179 163 -2.203607166
162 164 -189.6654008
164 164 190.6654008
165 165 439.522759
166 165 -229.6547552
167 165 -208.8680038
165 166 -229.6547552
166 166 230.6547552
54 167 -10.83817574
76 167 -14.30181077
100 167 -4.505044317
165 167 -208.8680038
167 167 363.9589345
169 167 -116.2468451
176 167 -5.486396574
226 167 -2.71265825
19 168 -2.259728101
27 168 -4.409390017
92 168 -3.967684679
168 168 180.0226109
171 168 -0.4718083841
172 168 -148.7898313
173 168 -8.840716354
175 168 -10.28345207
100 169 -5.132881259
167 169 -116.2468451
169 169 160.9029897
171 169 -1.409197557
176 169 -20.81459816
190 169 -4.657688555
225 169 -3.302508923
295 169 -3.812031097
328 169 -4.52723902
170 170 1.059035316
171 170 -0.05903531638
168 171 -0.4718083841
169 171 -1.409197557
170 171 -0.05903531638
171 171 2.940041257
168 172 -148.7898313
172 172 149.7898313
168 173 -8.840716354
173 173 22.38383712
175 173 -10.81601526
9893 173 -1.727105509
174 174 453.8359167
175 174 -4.918146625
177 174 -212.6643809
178 174 -235.2533891
16 175 -2.468647285
101 175 -6.819024985
149 175 -4.101171848
168 175 -10.28345207
173 175 -10.81601526
174 175 -4.918146625
175 175 43.2979164
176 175 -2.891458329
82 176 -7.291014727
95 176 -7.950799658
100 176 -5.417969665
167 176 -5.486396574
169 176 -20.81459816
175 176 -2.891458329
176 176 53.8163456
225 176 -2.964108482
174 177 -212.6643809
177 177 213.6643809
34 178 -6.641516442
91 178 -26.42179512
174 178 -235.2533891
178 178 275.4448246
426 178 -6.128123859
160 179 -3.603730918
163 179 -2.203607166
179 179 6.807338084
180 180 326.7797535
181 180 -162.4498285
182 180 -163.3299249
116 181 -6.284887079
180 181 -162.4498285
181 181 172.8002238
424 181 -3.0655082
180 182 -163.3299249
182 182 164.3299249
183 183 252.4874563
184 183 -251.4874563
132 184 -2.946622268
183 184 -251.4874563
184 184 270.745909
224 184 -8.370720944
369 184 -6.941109517
185 185 168.4372202
186 185 -156.0735632
199 185 -8.582952823
460 185 -2.780704215
185 186 -156.0735632
186 186 157.0735632
104 187 -5.296678542
187 187 231.271238
188 187 -214.8587304
228 187 -3.398234064
9891 187 -6.717594979
187 188 -214.8587304
188 188 215.8587304
189 189 195.365729
190 189 -194.365729
84 190 -9.061473497
86 190 -5.295814649
100 190 -4.966893189
169 190 -4.657688555
189 190 -194.365729
190 190 224.6794451
213 190 -5.331846248
159 191 -3.33973199
162 191 -2.305003613
191 191 208.3157238
192 191 -201.6709882
191 192 -201.6709882
192 192 202.6709882
193 193 203.5332244
194 193 -195.6604181
420 193 -4.139791898
482 193 -2.733014371
193 194 -195.6604181
194 194 196.6604181
195 195 393.8357794
196 195 -167.5338155
197 195 -225.3019639
195 196 -167.5338155
196 196 168.5338155
120 197 -2.823109527
130 197 -4.900248633
195 197 -225.3019639
197 197 236.6243904
486 197 -2.599068309
198 198 192.4943917
201 198 -0.08255492323
202 198 -178.8928122
379 198 -7.506833387
463 198 -5.012191172
185 199 -8.582952823
199 199 12.9327914
201 199 0.1437732406
222 199 -3.206065338
200 200 1.044766438
201 200 -0.04476643788
198 201 -0.08255492323
199 201 0.1437732406
200 201 -0.04476643788
201 201 1.271094602
198 202 -178.8928122
202 202 179.8928122
203 203 253.5279783
204 203 -235.105065
210 203 -9.743553692
237 203 -3.95617498
463 203 -3.723184576
203 204 -235.105065
204 204 236.105065
96 205 -11.09910363
143 205 -13.82579145
205 205 257.07785
206 205 -204.2060181
240 205 -4.679959937
349 205 -22.26697693
205 206 -204.2060181
206 206 205.2060181
141 207 -6.647830126
207 207 243.109986
208 207 -197.7064173
240 207 -4.401856956
331 207 -29.59914183
398 207 -3.754739818
207 208 -197.7064173
208 208 198.7064173
209 209 11.41143623
222 209 -3.31959795
9905 209 -7.091838277
118 210 -4.02318458
203 210 -9.743553692
210 210 15.65059723
9888 210 -0.8838589548
211 211 415.6682674
212 211 -227.0510066
213 211 -187.6172608
211 212 -227.0510066
212 212 228.0510066
190 213 -5.331846248
211 213 -187.6172608
213 213 213.4111233
214 213 -13.15951057
458 213 -6.302505697
73 214 -4.24231071
98 214 -8.159903872
213 214 -13.15951057
214 214 246.8239157
215 214 -208.0809264
458 214 -12.18126422
214 215 -208.0809264
215 215 209.0809264
216 216 389.8133329
217 216 -209.1995027
218 216 -179.6138303
216 217 -209.1995027
217 217 210.1995027
81 218 -3.939290329
92 218 -7.758477329
216 218 -179.6138303
218 218 192.3115979
89 219 -6.090073775
149 219 -5.624167852
219 219 188.4208117
220 219 -175.70657
219 220 -175.70657
220 220 176.70657
221 221 159.1995515
222 221 -158.1995515
199 222 -3.206065338
209 222 -3.31959795
221 222 -158.1995515
222 222 165.7252148
223 223 233.1255069
224 223 -232.1255069
184 224 -8.370720944
223 224 -232.1255069
224 224 256.3841085
439 224 -14.88788058
95 225 -4.284294334
169 225 -3.302508923
176 225 -2.964108482
225 225 32.65175643
226 225 -7.907081929
228 225 -13.19376276
167 226 -2.71265825
225 226 -7.907081929
226 226 19.13630992
228 226 -7.51656974
227 227 370.082154
230 227 -0.0886121845
231 227 -202.8900954
232 227 -166.1034464
187 228 -3.398234064
225 228 -13.19376276
226 228 -7.51656974
228 228 25.26187468
230 228 0.1533081124
229 229 1.036971679
230 229 -0.03697167911
227 230 -0.0886121845
228 230 0.1533081124
229 230 -0.03697167911
230 230 1.278891976
227 231 -202.8900954
231 231 203.8900954
227 232 -166.1034464
232 232 169.4301977
9869 232 -2.326751336
130 233 -1.119684498
233 233 4.430540596
236 233 -2.310856097
160 234 -2.636234799
234 234 10.09142627
364 234 -6.455191469
235 235 151.6689431
236 235 -0.404680239
237 235 -150.2642628
233 236 -2.310856097
235 236 -0.404680239
236 236 6.175123155
416 236 -2.459586818
203 237 -3.95617498
235 237 -150.2642628
237 237 155.2204378
128 238 -3.061217646
238 238 7.19156057
460 238 -3.130342924
239 239 395.9740398
240 239 -186.3890749
241 239 -208.5849649
205 240 -4.679959937
207 240 -4.401856956
239 240 -186.3890749
240 240 196.4708918
239 241 -208.5849649
241 241 209.5849649
242 242 233.0196245
243 242 -195.8561753
9711 242 -8.085782263
10143 242 -28.07766691
242 243 -195.8561753
243 243 196.8561753
244 244 215.913935
245 244 -200.2634513
264 244 -2.980577994
268 244 -11.66990574
244 245 -200.2634513
245 245 201.2634513
246 246 177.2463542
247 246 -169.7772372
289 246 -4.083189085
9748 246 -2.385927896
246 247 -169.7772372
247 247 170.7772372
248 248 260.1053734
249 248 -0.3095984163
250 248 -223.1528581
265 248 -12.60685901
273 248 -17.66877918
7224 248 -5.367278651
248 249 -0.3095984163
249 249 6.293017567
417 249 -4.983419151
248 250 -223.1528581
250 250 224.1528581
251 251 197.2512271
252 251 -152.0452164
7195 251 -9.321652689
7222 251 -34.88435796
251 252 -152.0452164
252 252 153.0452164
253 253 228.4671943
254 253 -0.190365083
255 253 -201.6869033
435 253 -3.326619851
7223 253 -16.8909376
9753 253 -5.372368399
253 254 -0.190365083
254 254 36.9577342
430 254 -3.145819468
7186 254 -7.160299199
7222 254 -9.703373175
7252 254 -5.061538132
7254 254 -10.69633914
253 255 -201.6869033
255 255 202.6869033
256 256 419.0381123
257 256 -0.1687429634
258 256 -229.4341209
259 256 -188.4352485
256 257 -0.1687429634
257 257 34.92297908
261 257 -5.582444846
7254 257 -28.17179127
256 258 -229.4341209
258 258 230.4341209
256 259 -188.4352485
259 259 204.1168317
260 259 -7.481403322
435 259 -7.200179923
259 260 -7.481403322
260 260 260.7204928
261 260 -0.1643680179
262 260 -225.9080547
282 260 -5.535684171
289 260 -6.287357753
10148 260 -14.34362493
257 261 -5.582444846
260 261 -0.1643680179
261 261 6.746812864
260 262 -225.9080547
262 262 226.9080547
263 263 202.5193703
264 263 -201.5193703
244 264 -2.980577994
263 264 -201.5193703
264 264 207.4514812
4680 264 -1.95153291
248 265 -12.60685901
265 265 237.965655
266 265 -202.4939228
282 265 -9.363906276
435 265 -4.316662147
7224 265 -8.184304723
265 266 -202.4939228
266 266 203.4939228
267 267 384.5258774
268 267 -0.2225305722
269 267 -191.7993353
270 267 -191.5040116
244 268 -11.66990574
267 268 -0.2225305722
268 268 15.58257831
7164 268 -2.690141995
267 269 -191.7993353
269 269 192.7993353
267 270 -191.5040116
270 270 212.1170939
4588 270 -4.113698288
7163 270 -3.910835042
7167 270 -11.58854898
271 271 8.86624681
283 271 -5.840743138
9748 271 -2.025503672
272 272 507.6943993
275 272 -2.378314664
276 272 -155.7166659
277 272 -190.8055222
278 272 -157.7938966
248 273 -17.66877918
273 273 46.62347414
275 273 -1.093198139
283 273 -26.86149682
274 274 1.136923876
275 274 -0.136923876
272 275 -2.378314664
273 275 -1.093198139
274 275 -0.136923876
275 275 4.608436679
272 276 -155.7166659
276 276 156.7166659
272 277 -190.8055222
277 277 207.3357063
4801 277 -3.299582379
7258 277 -12.23060169
272 278 -157.7938966
278 278 158.7938966
279 279 315.4468572
280 279 -0.3390602249
281 279 -167.3721183
282 279 -146.7356787
279 280 -0.3390602249
280 280 26.02585309
342 280 -9.351961296
430 280 -10.51278515
7135 280 -4.822046422
279 281 -167.3721183
281 281 168.3721183
260 282 -5.535684171
265 282 -9.363906276
279 282 -146.7356787
282 282 178.6778345
435 282 -16.04256536
271 283 -5.840743138
273 283 -26.86149682
283 283 207.602682
284 283 -173.900442
283 284 -173.900442
284 284 174.900442
285 285 20.79582769
298 285 -4.321812148
417 285 -15.47401555
286 286 465.0892954
287 286 -0.227569219
288 286 -245.4204452
289 286 -218.441281
286 287 -0.227569219
287 287 3.450836831
298 287 -2.223267612
286 288 -245.4204452
288 288 246.4204452
49 289 -5.084879428
246 289 -4.083189085
260 289 -6.287357753
286 289 -218.441281
289 289 234.8967073
290 290 398.2760109
291 290 -199.3510487
292 290 -197.9249622
290 291 -199.3510487
291 291 200.3510487
126 292 -1.892956295
152 292 -3.260652186
290 292 -197.9249622
292 292 204.0785706
293 293 345.1206657
294 293 -0.05414430234
295 293 -188.9963769
296 293 -155.0701444
293 294 -0.05414430234
294 294 1.054144302
41 295 -9.603294803
54 295 -8.026737444
66 295 -19.92563127
76 295 -15.51661557
169 295 -3.812031097
293 295 -188.9963769
295 295 267.8496726
9887 295 -20.96898547
293 296 -155.0701444
296 296 156.0701444
297 297 145.2634709
298 297 -144.2634709
285 298 -4.321812148
287 298 -2.223267612
297 298 -144.2634709
298 298 151.8085507
299 299 266.0685207
300 299 -265.0685207
82 300 -6.679116221
93 300 -13.5388094
95 300 -4.127466804
108 300 -10.96279708
299 300 -265.0685207
300 300 310.6689711
358 300 -9.292260975
301 301 527.963406
302 301 -0.05848348256
303 301 -0.09205818554
304 301 -0.06255110416
305 301 -189.4202851
306 301 -189.6603065
307 301 -147.6697216
301 302 -0.05848348256
302 302 1.058483483
301 303 -0.09205818554
303 303 1.092058186
301 304 -0.06255110416
304 304 1.062551104
10 305 -1.752699873
301 305 -189.4202851
305 305 196.1971943
323 305 -4.024209272
301 306 -189.6603065
306 306 190.6603065
301 307 -147.6697216
307 307 148.6697216
308 308 184.63877
309 308 -0.1281815239
310 308 -0.09336624166
311 308 -0.07788380306
312 308 -183.3393385
308 309 -0.1281815239
309 309 1.128181524
308 310 -0.09336624166
310 310 1.093366242
308 311 -0.07788380306
311 311 1.077883803
44 312 -3.084649614
56 312 -5.775214015
308 312 -183.3393385
312 312 195.5644137
323 312 -2.36521165
313 313 403.5929994
314 313 -0.2068747942
315 313 -0.2156139397
316 313 -0.1877616441
317 313 -214.6935994
318 313 -187.2891496
40 314 -4.752127095
50 314 -10.77155818
313 314 -0.2068747942
314 314 28.24894809
388 314 -11.51838803
313 315 -0.2156139397
315 315 1.21561394
313 316 -0.1877616441
316 316 1.187761644
313 317 -214.6935994
317 317 234.305807
395 317 -18.6122076
313 318 -187.2891496
318 318 188.2891496
319 319 249.7932716
320 319 -0.2488329601
321 319 -0.2286396269
322 319 -0.1436484794
323 319 -248.1721505
319 320 -0.2488329601
320 320 1.24883296
319 321 -0.2286396269
321 321 1.228639627
319 322 -0.1436484794
322 322 1.143648479
305 323 -4.024209272
312 323 -2.36521165
319 323 -248.1721505
323 323 255.5615714
324 324 194.6255695
327 324 -16.63700421
328 324 -176.9885653
325 325 1.291882959
327 325 -0.2918829588
326 326 1.291882959
327 326 -0.2918829588
324 327 -16.63700421
325 327 -0.2918829588
326 327 -0.2918829588
327 327 18.22077012
69 328 -3.715730516
73 328 -3.685197467
100 328 -6.534517792
169 328 -4.52723902
324 328 -176.9885653
328 328 196.4512501
329 329 163.4762651
330 329 -0.09918160224
331 329 -162.3770835
329 330 -0.09918160224
330 330 1.099181602
98 331 -13.94217594
207 331 -29.59914183
329 331 -162.3770835
331 331 261.2711969
398 331 -41.7271204
420 331 -12.62567526
332 332 15.34758787
337 332 -13.46381137
9725 332 -0.883776505
333 333 18.00668929
388 333 -12.28100907
413 333 -4.725680218
7 334 -3.014129295
10 334 -2.838012654
334 334 6.852141949
335 335 216.9274885
336 335 -0.05136901958
337 335 -215.8761194
335 336 -0.05136901958
336 336 1.05136902
70 337 -3.737748055
332 337 -13.46381137
335 337 -215.8761194
337 337 234.0776789
338 338 385.7998387
339 338 -0.2611076153
340 338 -0.3617611734
341 338 -0.2182851943
342 338 -163.9681918
343 338 -219.990493
338 339 -0.2611076153
339 339 1.261107615
338 340 -0.3617611734
340 340 1.361761173
338 341 -0.2182851943
341 341 1.218285194
280 342 -9.351961296
338 342 -163.9681918
342 342 183.0178726
9749 342 -8.697719516
338 343 -219.990493
343 343 220.990493
344 344 372.8245512
347 344 3.586178286
348 344 -0.02953308868
349 344 -166.2324221
350 344 -201.9764176
345 345 1.244847153
347 345 -0.244847153
346 346 1.244847153
347 346 -0.244847153
344 347 3.586178286
345 347 -0.244847153
346 347 -0.244847153
347 347 5.075872592
344 348 -0.02953308868
348 348 1.029533089
205 349 -22.26697693
344 349 -166.2324221
349 349 207.8191148
398 349 -3.793494261
420 349 -14.52622143
344 350 -201.9764176
350 350 202.9764176
351 351 569.1248432
354 351 -2.617566514
355 351 -0.002608450576
356 351 -0.06091161426
357 351 -0.002498140407
358 351 -196.3821151
359 351 -187.0306786
360 351 -182.0284648
352 352 1.254952908
354 352 -0.2549529076
353 353 1.254952908
354 353 -0.2549529076
351 354 -2.617566514
352 354 -0.2549529076
353 354 -0.2549529076
354 354 4.127472329
351 355 -0.002608450576
355 355 1.002608451
351 356 -0.06091161426
356 356 1.060911614
351 357 -0.002498140407
357 357 1.00249814
96 358 -12.44063007
300 358 -9.292260975
351 358 -196.3821151
358 358 219.1150061
351 359 -187.0306786
359 359 188.0306786
351 360 -182.0284648
360 360 183.0284648
361 361 173.0035224
362 361 -0.003702854767
363 361 -0.003745828226
364 361 -171.9960737
361 362 -0.003702854767
362 362 1.003702855
361 363 -0.003745828226
363 363 1.003745828
234 364 -6.455191469
361 364 -171.9960737
364 364 187.0946323
404 364 -7.643367059
365 365 207.1112598
368 365 -9.853064448
369 365 -196.2581953
366 366 1.175416361
368 366 -0.1754163609
367 367 1.175416361
368 367 -0.1754163609
365 368 -9.853064448
366 368 -0.1754163609
367 368 -0.1754163609
368 368 11.20389717
126 369 -1.604435457
184 369 -6.941109517
365 369 -196.2581953
369 369 205.8037403
370 370 417.1904013
371 370 -0.667312532
372 370 -0.6085063551
373 370 -0.5295003604
374 370 -0.3590687746
375 370 -0.4893737959
376 370 -174.7550611
377 370 -238.7815784
136 371 -4.83514838
370 371 -0.667312532
371 371 14.48073211
463 371 -7.978271195
370 372 -0.6085063551
372 372 1.608506355
370 373 -0.5295003604
373 373 1.52950036
370 374 -0.3590687746
374 374 1.359068775
370 375 -0.4893737959
375 375 1.489373796
370 376 -174.7550611
376 376 175.7550611
370 377 -238.7815784
377 377 262.281331
465 377 -16.05988362
9901 377 -6.439869017
378 378 603.8282602
379 378 -0.5065428364
380 378 -1.49108195
381 378 -1.675478984
382 378 -1.25342343
383 378 -198.4043817
384 378 -189.3990067
385 378 -210.0983447
118 379 -5.723729487
129 379 -3.570196545
198 379 -7.506833387
378 379 -0.5065428364
379 379 59.93435192
463 379 -41.62704967
378 380 -1.49108195
380 380 2.49108195
378 381 -1.675478984
381 381 2.675478984
378 382 -1.25342343
382 382 2.25342343
91 383 -10.04896236
378 383 -198.4043817
383 383 232.6221022
426 383 -4.745078433
465 383 -15.17130175
10035 383 -3.25237804
378 384 -189.3990067
384 384 190.3990067
378 385 -210.0983447
385 385 211.0983447
386 386 194.8525598
387 386 -0.42190258
389 386 -0.7646360587
390 386 -0.5397723924
391 386 -0.7811589537
392 386 -0.5486072714
393 386 -0.8111794019
394 386 -189.9853032
386 387 -0.42190258
387 387 237.0035677
388 387 -0.8846564689
395 387 -234.6970086
48 388 -7.173326502
50 388 -6.708919052
314 388 -11.51838803
333 388 -12.28100907
387 388 -0.8846564689
388 388 46.50861845
396 388 -6.942319331
386 389 -0.7646360587
389 389 1.764636059
386 390 -0.5397723924
390 390 1.539772392
386 391 -0.7811589537
391 391 1.781158954
386 392 -0.5486072714
392 392 1.548607271
386 393 -0.8111794019
393 393 1.811179402
386 394 -189.9853032
394 394 216.7456472
10006 394 -10.02825961
10149 394 -15.73208445
49 395 -3.386548285
317 395 -18.6122076
387 395 -234.6970086
395 395 259.2567918
9740 395 -1.561027225
388 396 -6.942319331
396 396 10.40254411
9699 396 -2.460224775
397 397 406.6439501
398 397 -228.8903734
399 397 -176.7535767
207 398 -3.754739818
331 398 -41.7271204
349 398 -3.793494261
397 398 -228.8903734
398 398 322.2879265
420 398 -43.12219863
397 399 -176.7535767
399 399 177.7535767
400 400 170.8831085
403 400 -2.962475195
404 400 -166.9206333
401 401 1.215258305
403 401 -0.2152583053
402 402 1.215258305
403 402 -0.2152583053
400 403 -2.962475195
401 403 -0.2152583053
402 403 -0.2152583053
403 403 4.392991806
364 404 -7.643367059
400 404 -166.9206333
404 404 178.2906355
488 404 -2.726635111
405 405 778.1965903
406 405 -0.1249815436
407 405 -0.0392929009
408 405 -244.3094007
409 405 -180.9504422
410 405 -158.2030446
411 405 -193.5694284
405 406 -0.1249815436
406 406 1.124981544
405 407 -0.0392929009
407 407 1.039292901
23 408 -3.957934521
37 408 -4.183945316
405 408 -244.3094007
408 408 259.940152
9741 408 -1.60946464
9887 408 -4.879406862
405 409 -180.9504422
409 409 181.9504422
405 410 -158.2030446
410 410 159.2030446
405 411 -193.5694284
411 411 194.5694284
412 412 166.856381
413 412 -165.856381
48 413 -3.928962561
333 413 -4.725680218
412 413 -165.856381
413 413 175.5110237
414 414 207.408198
415 414 -0.09695671971
416 414 -206.3112413
414 415 -0.09695671971
415 415 1.09695672
128 416 -4.589441397
236 416 -2.459586818
414 416 -206.3112413
416 416 214.3602695
249 417 -4.983419151
285 417 -15.47401555
417 417 21.4574347
418 418 391.5211338
419 418 -3.472378749
421 418 -0.5919609744
422 418 -0.6518379179
423 418 -0.3374238394
426 418 -202.6858719
427 418 -182.7816604
418 419 -3.472378749
419 419 457.0983677
420 419 -0.83189607
424 419 -233.4040497
425 419 -218.3900432
193 420 -4.139791898
331 420 -12.62567526
349 420 -14.52622143
398 420 -43.12219863
419 420 -0.83189607
420 420 76.24578329
418 421 -0.5919609744
421 421 1.591960974
418 422 -0.6518379179
422 422 1.651837918
418 423 -0.3374238394
423 423 1.337423839
112 424 -9.005821516
181 424 -3.0655082
419 424 -233.4040497
424 424 248.4803525
9869 424 -2.004973055
419 425 -218.3900432
425 425 219.3900432
61 426 -4.695819276
91 426 -10.55037833
178 426 -6.128123859
383 426 -4.745078433
418 426 -202.6858719
426 426 235.9957839
449 426 -6.190512029
418 427 -182.7816604
427 427 183.7816604
428 428 37.91509311
429 428 -1.757921092
433 428 -2.531423502
434 428 -2.309489931
7238 428 -15.87072645
10072 428 -14.44553213
428 429 -1.757921092
429 429 345.9339847
432 429 -0.2690907085
435 429 -173.4820322
436 429 -169.4249407
254 430 -3.145819468
280 430 -10.51278515
430 430 26.48280581
432 430 0.9878381774
9749 430 -10.83636301
431 431 1.070425572
432 431 -0.07042557167
429 432 -0.2690907085
430 432 0.9878381774
431 432 -0.07042557167
432 432 2.327354458
428 433 -2.531423502
433 433 3.531423502
428 434 -2.309489931
434 434 3.309489931
253 435 -3.326619851
259 435 -7.200179923
265 435 -4.316662147
282 435 -16.04256536
429 435 -173.4820322
435 435 232.03192
9748 435 -17.59209782
9753 435 -9.071762699
429 436 -169.4249407
436 436 170.4249407
437 437 195.7230903
438 437 -2.40995749
440 437 -0.6943005519
441 437 -0.6682255371
442 437 -0.4367749083
443 437 -0.4689232006
444 437 -0.4816080108
445 437 -0.82131502
446 437 -0.3781673218
447 437 -0.4657190015
449 437 -187.8980992
437 438 -2.40995749
438 438 405.3429303
439 438 -1.164598128
448 438 -206.8238723
450 438 -193.9445023
123 439 -9.387437154
224 439 -14.88788058
438 439 -1.164598128
439 439 26.43991586
437 440 -0.6943005519
440 440 1.694300552
437 441 -0.6682255371
441 441 1.668225537
437 442 -0.4367749083
442 442 1.436774908
437 443 -0.4689232006
443 443 1.468923201
437 444 -0.4816080108
444 444 1.481608011
437 445 -0.82131502
445 445 1.82131502
437 446 -0.3781673218
446 446 1.378167322
437 447 -0.4657190015
447 447 1.465719001
109 448 -2.674945949
117 448 -2.731558439
118 448 -4.789173743
438 448 -206.8238723
448 448 218.0195504
426 449 -6.190512029
437 449 -187.8980992
449 449 195.0886113
438 450 -193.9445023
450 450 194.9445023
451 451 421.7615321
452 451 -0.1656822584
453 451 -0.3456144355
454 451 -227.0510066
455 451 -193.1992288
451 452 -0.1656822584
452 452 1.165682258
451 453 -0.3456144355
453 453 1.345614435
2 454 -3.393391295
156 454 -3.969001027
451 454 -227.0510066
454 454 235.413399
451 455 -193.1992288
455 455 194.1992288
456 456 230.4753183
457 456 -0.1501008138
458 456 -229.3252175
456 457 -0.1501008138
457 457 1.150100814
213 458 -6.302505697
214 458 -12.18126422
456 458 -229.3252175
458 458 248.8089874
459 459 369.0614077
462 459 -0.08375749389
463 459 -210.1584249
464 459 -157.8192253
185 460 -2.780704215
238 460 -3.130342924
460 460 11.36274153
462 460 0.1626368408
486 460 -4.289057546
461 461 1.031950172
462 461 -0.03195017223
459 462 -0.08375749389
460 462 0.1626368408
461 462 -0.03195017223
462 462 1.278344507
129 463 -4.797310037
198 463 -5.012191172
203 463 -3.723184576
371 463 -7.978271195
379 463 -41.62704967
459 463 -210.1584249
463 463 274.2964316
459 464 -157.8192253
464 464 158.8192253
377 465 -16.05988362
383 465 -15.17130175
465 465 41.48660337
466 465 -0.6127174455
467 465 -0.8226336871
468 465 -1.49191793
469 465 -0.5175789407
470 465 -0.802981506
9946 465 -5.007588498
465 466 -0.6127174455
466 466 14.5253508
9869 466 -9.475099748
9888 466 -3.437533609
465 467 -0.8226336871
467 467 1.822633687
465 468 -1.49191793
468 468 2.49191793
465 469 -0.5175789407
469 469 1.517578941
465 470 -0.802981506
470 470 1.802981506
471 471 588.2073555
472 471 -0.1619683759
473 471 -0.2241942688
474 471 -0.05195518166
475 471 -255.3280183
476 471 -172.8231551
477 471 -158.6180643
471 472 -0.1619683759
472 472 1.161968376
471 473 -0.2241942688
473 473 1.224194269
471 474 -0.05195518166
474 474 1.051955182
128 475 -12.52037691
148 475 -5.007217385
471 475 -255.3280183
475 475 273.8556126
471 476 -172.8231551
476 476 173.8231551
471 477 -158.6180643
477 477 159.6180643
478 478 533.2922203
479 478 -0.03704155091
480 478 -0.02165152092
481 478 -0.1297427951
482 478 -155.2511416
483 478 -202.4382392
484 478 -174.4144036
478 479 -0.03704155091
479 479 1.037041551
478 480 -0.02165152092
480 480 1.021651521
478 481 -0.1297427951
481 481 1.129742795
124 482 -7.591270266
193 482 -2.733014371
478 482 -155.2511416
482 482 170.427565
488 482 -3.852138798
478 483 -202.4382392
483 483 203.4382392
478 484 -174.4144036
484 484 175.4144036
485 485 237.511456
486 485 -236.511456
128 486 -5.944560652
130 486 -12.46955149
197 486 -2.599068309
460 486 -4.289057546
485 486 -236.511456
486 486 262.813694
487 487 226.1942067
488 487 -225.1942067
404 488 -2.726635111
482 488 -3.852138798
487 488 -225.1942067
488 488 232.7729806
489 489 463.8377839
490 489 -0.484785164
491 489 -0.3569455905
492 489 -0.5549772689
493 489 -0.4930592312
494 489 -0.5760405403
495 489 -0.3633960246
496 489 -0.4232256666
497 489 -221.2447422
498 489 -238.3406122
489 490 -0.484785164
490 490 39.90395552
9662 490 -16.15245323
10148 490 -22.26671713
489 491 -0.3569455905
491 491 1.356945591
489 492 -0.5549772689
492 492 1.554977269
489 493 -0.4930592312
493 493 1.493059231
489 494 -0.5760405403
494 494 1.57604054
489 495 -0.3633960246
495 495 1.363396025
489 496 -0.4232256666
496 496 1.423225667
489 497 -221.2447422
497 497 339.4995611
9719 497 -6.459568158
10047 497 -4.563398718
10149 497 -106.2318521
489 498 -238.3406122
498 498 239.3406122
28 499 -4.63461517
37 499 -7.955303449
40 499 -7.517095827
499 499 21.10701445
500 500 58.94012242
1622 500 -44.89916904
1941 500 -13.04095337
501 501 244.423642
502 501 -0.4228954253
503 501 -156.3157333
699 501 -26.99071961
1677 501 -38.88439623
2258 501 -20.80989743
501 502 -0.4228954253
502 502 92.73852146
504 502 -48.3381032
529 502 -26.81386128
532 502 -16.16366156
501 503 -156.3157333
503 503 157.3157333
502 504 -48.3381032
504 504 62.41908591
2251 504 -13.08098271
505 505 393.815883
506 505 -0.2454603289
507 505 -186.4483856
508 505 -206.122037
505 506 -0.2454603289
506 506 35.11163804
846 506 -33.86617771
505 507 -186.4483856
507 507 214.2406138
614 507 -16.06430273
847 507 -10.72792542
505 508 -206.122037
508 508 207.122037
509 509 61.96896106
521 509 -9.105377949
583 509 -12.52500688
656 509 -27.79426455
715 509 -11.54431168
510 510 21.1765887
588 510 -11.02260335
804 510 -9.153985351
511 511 33.80311604
547 511 -10.7752543
598 511 -11.50119421
651 511 -10.52666753
512 512 189.2283123
513 512 -169.7218955
540 512 -8.912352015
2222 512 -9.594064738
512 513 -169.7218955
513 513 170.7218955
514 514 197.030514
515 514 -196.030514
514 515 -196.030514
515 515 215.01291
728 515 -9.383580724
734 515 -8.598815286
516 516 381.9796562
517 516 -203.6685378
518 516 -177.3111184
516 517 -203.6685378
517 517 204.6685378
516 518 -177.3111184
518 518 266.8583922
12357 518 -40.67118698
12363 518 -33.65539823
12394 518 -14.22068859
519 519 241.2867975
520 519 -240.2867975
519 520 -240.2867975
520 520 366.5557715
681 520 -82.50197427
700 520 -42.76699978
509 521 -9.105377949
521 521 37.90840427
599 521 -27.80302632
522 522 187.1412835
523 522 -155.4136801
544 522 -14.03484293
703 522 -16.69276042
522 523 -155.4136801
523 523 156.4136801
524 524 85.10489746
681 524 -9.001338432
728 524 -75.10355903
525 525 230.7781362
526 525 -196.3552632
564 525 -16.2272752
732 525 -17.19559786
525 526 -196.3552632
526 526 197.3552632
527 527 119.2076698
584 527 -43.73054025
612 527 -31.08206588
637 527 -20.63908964
858 527 -22.755974
528 528 151.306692
529 528 -150.306692
502 529 -26.81386128
528 529 -150.306692
529 529 218.5353085
532 529 -18.85830582
679 529 -21.5564494
530 530 381.5619945
531 530 -206.9726016
532 530 -173.5893929
530 531 -206.9726016
531 531 207.9726016
502 532 -16.16366156
529 532 -18.85830582
530 532 -173.5893929
532 532 209.6113603
533 533 77.35272102
583 533 -49.21484508
586 533 -27.13787595
534 534 314.8156724
535 534 -216.179436
12593 534 -8.080708109
24543 534 -59.67550641
24728 534 -29.88002183
534 535 -216.179436
535 535 217.179436
536 536 257.4859103
537 536 -193.6145908
764 536 -52.15355312
24315 536 -10.71776638
536 537 -193.6145908
537 537 194.6145908
538 538 361.3085129
539 538 -184.125805
540 538 -176.182708
538 539 -184.125805
539 539 185.125805
512 540 -8.912352015
538 540 -176.182708
540 540 220.2632071
645 540 -34.16814713
541 541 100.8179683
24136 541 -25.8625959
24279 541 -36.38531629
24535 541 -37.5700561
542 542 390.241199
543 542 -162.4919604
544 542 -17.51471017
607 542 -161.2549216
676 542 -34.96176375
767 542 -13.01784305
542 543 -162.4919604
543 543 163.4919604
522 544 -14.03484293
542 544 -17.51471017
544 544 32.5495531
545 545 44.73860454
677 545 -14.1426543
776 545 -22.58818068
923 545 -7.007769563
546 546 317.0613635
547 546 -140.3623128
548 546 -175.6990507
511 547 -10.7752543
546 547 -140.3623128
547 547 179.4816051
861 547 -27.34403806
546 548 -175.6990507
548 548 176.6990507
549 549 351.2572856
550 549 -178.7746425
551 549 -171.4826431
549 550 -178.7746425
550 550 257.58307
558 550 -10.19347276
568 550 -38.91401654
710 550 -28.70093819
549 551 -171.4826431
551 551 172.4826431
552 552 186.7158201
553 552 -185.7158201
552 553 -185.7158201
553 553 253.1438285
12378 553 -34.61442414
24212 553 -31.81358422
554 554 202.7562571
555 554 -169.3394769
708 554 -23.88687057
926 554 -8.52990966
554 555 -169.3394769
555 555 170.3394769
556 556 48.83670644
747 556 -36.07375773
757 556 -11.76294871
557 557 142.5800556
24034 557 -69.84234459
24345 557 -71.73771101
550 558 -10.19347276
558 558 271.3285574
559 558 -252.1908553
1907 558 -7.944229264
558 559 -252.1908553
559 559 253.1908553
560 560 244.4408429
