%%MatrixMarket matrix coordinate real general
3120 3120 10488
1 1 16.22115171
35 1 -14.87910725
527 1 -0.3420444603
2 2 16.23489994
36 2 -14.87910725
528 2 -0.3557926838
3 3 452.2080216
4 3 -449.4382022
5 3 -0.1042110743
22 3 -1.665608246
3 4 -449.4382022
4 4 450.7936338
319 4 -0.355431541
3 5 -0.1042110743
5 5 5.539908997
320 5 -4.43115005
321 5 0.004547872472
6 6 466.0931754
7 6 -449.4382022
15 6 -1.335278581
24 6 -9.983963042
31 6 -3.995436285
361 6 -0.3402952832
6 7 -449.4382022
7 7 460.8806772
35 7 -3.503120962
45 7 -6.604157999
362 7 -0.3351959435
8 8 453.7646881
9 8 -449.4382022
10 8 -0.1395484681
14 8 -3.186937349
8 9 -449.4382022
9 9 452.2786356
11 9 -0.6293383466
22 9 -1.211095055
8 10 -0.1395484681
10 10 17.0971278
459 10 -15.94723975
461 10 0.01033958213
9 11 -0.6293383466
11 11 2713.613234
12 11 -2702.702703
19 11 -6.758662301
21 11 -2.522530564
11 12 -2702.702703
12 12 2713.186731
13 12 -0.4430427049
32 12 -2.492299589
58 12 -6.548685548
12 13 -0.4430427049
13 13 7.297038027
460 13 -0.8277740626
462 13 5.026221259
8 14 -3.186937349
14 14 458.0624829
15 14 -449.4382022
16 14 -0.09461215316
27 14 -1.424911242
57 14 -2.586915891
476 14 -0.3309039803
6 15 -1.335278581
14 15 -449.4382022
15 15 484.9110378
17 15 -0.09008933443
29 15 -7.579862945
40 15 -3.48257921
43 15 -21.98502548
14 16 -0.09461215316
16 16 4.3335645
474 16 -3.046984748
477 16 0.1919675997
15 17 -0.09008933443
17 17 3.514417132
475 17 -2.405697153
478 17 0.01863064425
18 18 2703.972665
19 18 -2702.702703
20 18 -0.2699621274
11 19 -6.758662301
18 19 -2702.702703
19 19 2712.661267
38 19 -2.199901866
18 20 -0.2699621274
20 20 6.945971817
486 20 -4.779881315
488 20 -0.8961283743
11 21 -2.522530564
21 21 36.56083751
44 21 -32.75186899
496 21 -0.2864379505
3 22 -1.665608246
9 22 -1.211095055
22 22 453.5702963
23 22 -449.4382022
518 22 -0.2553907552
22 23 -449.4382022
23 23 451.9682446
229 23 -1.270845098
517 23 -0.2591972638
6 24 -9.983963042
24 24 464.2854208
25 24 -449.4382022
36 24 -3.532831844
525 24 -0.3304236514
24 25 -449.4382022
25 25 458.8108173
35 25 -3.532831844
152 25 -4.505735193
526 25 -0.33404799
26 26 451.99331
27 26 -449.4382022
188 26 -1.22553269
533 26 -0.3295750404
14 27 -1.424911242
26 27 -449.4382022
27 27 452.2002381
534 27 -0.3371246213
28 28 453.0866525
29 28 -449.4382022
56 28 -2.321329227
540 28 -0.3271210693
15 29 -7.579862945
28 29 -449.4382022
29 29 458.341946
541 29 -0.323880823
30 30 455.4268076
31 30 -449.4382022
36 30 -4.653060139
542 30 -0.3355451659
6 31 -3.995436285
30 31 -449.4382022
31 31 454.7743423
543 31 -0.3407037729
12 32 -2.492299589
32 32 2711.696979
33 32 -2702.702703
37 32 -2.091237784
218 32 -3.410738766
32 33 -2702.702703
33 33 2704.227414
34 33 -0.5247112855
33 34 -0.5247112855
34 34 5.539622665
554 34 -1.166877325
556 34 2.848034054
1 35 -14.87910725
7 35 -3.503120962
25 35 -3.532831844
35 35 25.50465396
37 35 -0.5285731968
105 35 -2.0610207
2 36 -14.87910725
24 36 -3.532831844
30 36 -4.653060139
36 36 27.01592363
38 36 -0.5285731968
106 36 -2.422351194
32 37 -2.091237784
35 37 -0.5285731968
37 37 2718.2539
38 37 -2702.702703
41 37 -8.690876282
139 37 -3.240510256
19 38 -2.199901866
36 38 -0.5285731968
37 38 -2702.702703
38 38 2718.047471
108 38 -5.523013227
184 38 -5.456498945
316 38 -0.6367813092
39 39 451.5121389
40 39 -449.4382022
167 39 -1.073936649
15 40 -3.48257921
39 40 -449.4382022
40 40 454.2493399
632 40 -0.3285583961
37 41 -8.690876282
41 41 2730.099364
42 41 -2702.702703
97 41 -2.687619703
107 41 -8.690876282
184 41 -5.980656847
667 41 -0.3466322534
41 42 -2702.702703
42 42 2704.048326
668 42 -0.3456232778
15 43 -21.98502548
43 43 23.3018852
752 43 -0.3168597153
21 44 -32.75186899
44 44 33.75186899
7 45 -6.604157999
45 45 457.367607
46 45 -449.4382022
811 45 -0.3252467669
45 46 -449.4382022
46 46 453.1948926
153 46 -2.756690347
47 47 9.022424732
64 47 -2.373806452
73 47 -2.787707897
81 47 -2.551010761
834 47 -0.3098996218
48 48 3.580127846
50 48 -2.25068815
839 48 -0.3294396959
49 49 459.507021
50 49 -449.4382022
68 49 -5.150058459
81 49 -3.918760285
48 50 -2.25068815
49 50 -449.4382022
50 50 456.2641917
69 50 -3.319214181
863 50 -0.2560870908
51 51 3.927846639
65 51 -2.603290768
867 51 -0.3245558713
52 52 465.5278874
53 52 -449.4382022
60 52 -10.07273598
76 52 -2.898043478
106 52 -2.118905657
52 53 -449.4382022
53 53 460.5655982
54 53 -0.7187162895
75 53 -7.246393888
124 53 -2.162285798
53 54 -0.7187162895
54 54 5.083526548
70 54 -3.364810259
55 55 907.2270836
56 55 -449.4382022
57 55 -449.4382022
72 55 -3.815844934
76 55 -3.197014795
922 55 -0.3378193718
28 56 -2.321329227
55 56 -449.4382022
56 56 456.2943656
77 56 -3.197014795
923 56 -0.3378193718
14 57 -2.586915891
55 57 -449.4382022
57 57 457.5612666
59 57 -0.7203035694
73 57 -3.815844934
12 58 -6.548685548
58 58 2714.243424
59 58 -2702.702703
66 58 -3.992035888
57 59 -0.7203035694
58 59 -2702.702703
59 59 2708.740544
63 59 -4.31753817
52 60 -10.07273598
60 60 11.40640478
925 60 -0.3336688044
61 61 2715.045876
62 61 -2702.702703
137 61 -6.819305454
3118 61 -4.523867968
61 62 -2702.702703
62 62 2714.373198
79 62 -5.795421617
928 62 -0.3512052152
3118 62 -4.523867968
59 63 -4.31753817
63 63 5.661153424
959 63 -0.3436152543
47 64 -2.373806452
64 64 453.077682
65 64 -449.4382022
980 64 -0.2656732674
51 65 -2.603290768
64 65 -449.4382022
65 65 460.3515336
82 65 -7.310040607
58 66 -3.992035888
66 66 2708.058101
67 66 -2702.702703
1004 66 -0.3633623992
66 67 -2702.702703
67 67 2710.854883
71 67 -6.809685721
1000 67 -0.3424949398
49 68 -5.150058459
68 68 458.3404785
69 68 -449.4382022
70 68 -0.8168283755
115 68 -1.935389455
50 69 -3.319214181
68 69 -449.4382022
69 69 456.0302622
74 69 -1.96663227
1012 69 -0.3062134534
54 70 -3.364810259
68 70 -0.8168283755
70 70 2712.382226
71 70 -2702.702703
136 70 -4.497884397
67 71 -6.809685721
70 71 -2702.702703
71 71 2718.766106
78 71 -8.25371771
55 72 -3.815844934
72 72 457.1516505
73 72 -449.4382022
77 72 -2.706330968
3119 72 -0.1912723201
47 73 -2.787707897
57 73 -3.815844934
72 73 -449.4382022
73 73 457.1312212
3119 73 -0.08946609277
69 74 -1.96663227
74 74 452.7603993
75 74 -449.4382022
1032 74 -0.3555648238
53 75 -7.246393888
74 75 -449.4382022
75 75 458.024982
1031 75 -0.3403858209
52 76 -2.898043478
55 76 -3.197014795
76 76 456.8853551
77 76 -449.4382022
1044 76 -0.3520945861
56 77 -3.197014795
72 77 -2.706330968
76 77 -449.4382022
77 77 456.6474319
1043 77 -0.3058838794
71 78 -8.25371771
78 78 2718.926634
79 78 -2702.702703
136 78 -4.988144952
138 78 -1.62446793
1053 78 -0.3576009439
62 79 -5.795421617
78 79 -2702.702703
79 79 2709.840619
1054 79 -0.3424949398
80 80 14.61907522
81 80 -13.26769455
1086 80 -0.3513806716
47 81 -2.551010761
49 81 -3.918760285
80 81 -13.26769455
81 81 20.7374656
65 82 -7.310040607
82 82 10.5922095
240 82 -1.939522404
1119 82 -0.3426464878
83 83 13.60071485
106 83 -12.33104385
1142 83 -0.2696710043
84 84 33.32604292
116 84 -32.32604292
85 85 33.32604292
115 85 -32.32604292
86 86 452.904659
87 86 -449.4382022
118 86 -2.187119155
1171 86 -0.2793376018
86 87 -449.4382022
87 87 461.294674
92 87 -10.57713412
1172 87 -0.2793376018
88 88 454.1527435
89 88 -449.4382022
143 88 -3.466964853
1188 88 -0.2475763767
88 89 -449.4382022
89 89 453.747737
122 89 -3.016902659
1189 89 -0.2926321139
90 90 477.2883046
91 90 -449.4382022
93 90 -3.4583211
150 90 -20.90254741
3114 90 -2.489233814
90 91 -449.4382022
91 91 485.3037714
117 91 -12.60079647
151 91 -22.26477268
87 92 -10.57713412
92 92 37.86878558
104 92 -4.721276879
129 92 -5.849656993
133 92 -11.34782566
135 92 -4.372891928
90 93 -3.4583211
93 93 36.03946068
113 93 -5.608880124
132 93 -11.34782566
134 93 -4.372891928
148 93 -10.25154187
94 94 454.8419374
95 94 -449.4382022
127 94 -4.403735116
94 95 -449.4382022
95 95 460.4116829
128 95 -9.973480653
96 96 2704.462041
97 96 -2702.702703
1289 96 -0.3812519665
1290 96 -0.3780862227
41 97 -2.687619703
96 97 -2702.702703
97 97 2717.84859
145 97 -3.573829701
187 97 -4.771643647
3113 97 -3.112794168
98 98 6.461355821
112 98 -3.249881508
203 98 -1.546937445
1382 98 -0.3354503809
1383 98 -0.3290864872
99 99 464.7384837
100 99 -449.4382022
119 99 -13.98144229
1406 99 -0.3188391212
99 100 -449.4382022
100 100 459.174556
148 100 -8.393483694
1405 100 -0.342870073
101 101 464.0573235
102 101 -449.4382022
105 101 -13.61912125
101 102 -449.4382022
102 102 483.1597923
146 102 -32.72159004
103 103 468.6691779
104 103 -449.4382022
121 103 -17.94781908
1484 103 -0.2831565922
92 104 -4.721276879
103 104 -449.4382022
104 104 455.4866468
1485 104 -0.3271676325
35 105 -2.0610207
101 105 -13.61912125
105 105 472.0476854
106 105 -449.4382022
107 105 -1.206367235
123 105 -4.722973962
36 106 -2.422351194
52 106 -2.118905657
83 106 -12.33104385
105 106 -449.4382022
106 106 497.2870303
108 106 -0.5974523809
149 106 -29.37907502
41 107 -8.690876282
105 107 -1.206367235
107 107 2713.599946
108 107 -2702.702703
38 108 -5.523013227
106 108 -0.5974523809
107 108 -2702.702703
108 108 2712.913861
144 108 -3.090692591
109 109 460.2801599
110 109 -449.4382022
122 109 -9.510451938
1530 109 -0.3315057559
109 110 -449.4382022
110 110 455.834715
120 110 -5.085219135
1529 110 -0.3112936551
111 111 454.9554273
112 111 -449.4382022
142 111 -4.228334206
1546 111 -0.2888907983
98 112 -3.249881508
111 112 -449.4382022
112 112 453.6880838
93 113 -5.608880124
113 113 456.0470824
114 113 -449.4382022
113 114 -449.4382022
114 114 455.9293278
124 114 -5.491125576
68 115 -1.935389455
85 115 -32.32604292
115 115 487.2669995
116 115 -449.4382022
135 115 -2.214716839
1554 115 -0.3526480532
84 116 -32.32604292
115 116 -449.4382022
116 116 484.3775283
132 116 -1.270792719
1553 116 -0.3424903919
91 117 -12.60079647
117 117 463.3048677
118 117 -449.4382022
1587 117 -0.2658689735
86 118 -2.187119155
117 118 -449.4382022
118 118 452.9266921
1586 118 -0.3013707183
99 119 -13.98144229
119 119 471.3399534
120 119 -449.4382022
142 119 -6.596809119
1589 119 -0.3234997543
110 120 -5.085219135
119 120 -449.4382022
120 120 458.308097
1668 120 -0.3282219473
3114 120 -2.45645371
103 121 -17.94781908
121 121 471.8233059
122 121 -449.4382022
149 121 -3.234571486
1656 121 -0.2027130863
89 122 -3.016902659
109 122 -9.510451938
121 122 -449.4382022
122 122 463.1599974
1658 122 -0.1944405585
105 123 -4.722973962
123 123 460.1318449
124 123 -449.4382022
133 123 -4.660194666
1695 123 -0.3104740031
53 124 -2.162285798
114 124 -5.491125576
123 124 -449.4382022
124 124 458.0916136
125 125 16.53303569
133 125 -3.422783207
140 125 -11.7930091
1703 125 -0.3172433835
126 126 455.2241784
127 126 -449.4382022
143 126 -4.472327303
1739 126 -0.3136488927
94 127 -4.403735116
126 127 -449.4382022
127 127 454.8419374
95 128 -9.973480653
128 128 460.6894784
129 128 -449.4382022
1875 128 -0.277795534
92 129 -5.849656993
128 129 -449.4382022
129 129 456.2878592
130 130 2721.043364
131 130 -2702.702703
138 130 -8.349535408
145 130 -8.265465179
1939 130 -0.3600727656
1941 130 -0.3655880615
130 131 -2702.702703
131 131 2703.702703
93 132 -11.34782566
116 132 -1.270792719
132 132 463.3685342
133 132 -449.4382022
1984 132 -0.3117135696
92 133 -11.34782566
123 133 -4.660194666
125 133 -3.422783207
132 133 -449.4382022
133 133 469.8690058
93 134 -4.372891928
134 134 462.307484
135 134 -449.4382022
141 134 -7.177795234
1993 134 -0.3185946121
92 135 -4.372891928
115 135 -2.214716839
134 135 -449.4382022
135 135 457.3444056
1992 135 -0.3185946121
70 136 -4.497884397
78 136 -4.988144952
136 136 2713.529524
137 136 -2702.702703
2096 136 -0.3407915706
61 137 -6.819305454
136 137 -2702.702703
137 137 2712.960973
139 137 -2.438964713
78 138 -1.62446793
130 138 -8.349535408
138 138 2714.027345
139 138 -2702.702703
2098 138 -0.3506386499
37 139 -3.240510256
137 139 -2.438964713
138 139 -2702.702703
139 139 2709.754521
2099 139 -0.3723434731
125 140 -11.7930091
140 140 462.5436074
141 140 -449.4382022
2126 140 -0.3123960688
134 141 -7.177795234
140 141 -449.4382022
141 141 457.8518365
2125 141 -0.2358390348
111 142 -4.228334206
119 142 -6.596809119
142 142 462.1558087
143 142 -449.4382022
145 142 -0.6030084896
2146 142 -0.2894546729
88 143 -3.466964853
126 143 -4.472327303
142 143 -449.4382022
143 143 458.9850063
2144 143 -0.2894546729
2145 143 -0.3180572133
108 144 -3.090692591
144 144 2713.260324
145 144 -2702.702703
3115 144 -6.466928398
97 145 -3.573829701
130 145 -8.265465179
142 145 -0.6030084896
144 145 -2702.702703
145 145 2716.145006
102 146 -32.72159004
146 146 483.429559
147 146 -449.4382022
2166 146 -0.2697666656
146 147 -449.4382022
147 147 477.1293974
149 147 -26.36077517
2167 147 -0.3304200122
93 148 -10.25154187
100 148 -8.393483694
148 148 19.64502556
106 149 -29.37907502
121 149 -3.234571486
147 149 -26.36077517
149 149 59.97442167
90 150 -20.90254741
150 150 21.90254741
91 151 -22.26477268
151 151 23.26477268
25 152 -4.505735193
152 152 460.1747193
153 152 -449.4382022
168 152 -4.822172376
2238 152 -0.4086094394
46 153 -2.756690347
152 153 -449.4382022
153 153 457.3699781
167 153 -4.175085465
154 154 454.2184971
155 154 -449.4382022
158 154 -3.449092204
2259 154 -0.3312026181
154 155 -449.4382022
155 155 459.02909
202 155 -8.28719441
2258 155 -0.3036933009
156 156 24.16145493
166 156 -19.62573951
202 156 -3.245659665
2263 156 -0.2900557506
157 157 453.6939015
158 157 -449.4382022
177 157 -2.931624211
2283 157 -0.3240750647
154 158 -3.449092204
157 158 -449.4382022
158 158 453.8872945
159 159 2707.580838
160 159 -2702.702703
180 159 -3.516264649
2285 159 -0.3618710425
159 160 -2702.702703
160 160 2709.649165
186 160 -5.587647313
2286 160 -0.3588153608
161 161 8.031820987
189 161 -1.650621678
195 161 -5.128224389
2291 161 -0.2529749196
162 162 473.3682399
163 162 -449.4382022
170 162 -3.459455667
193 162 -19.14961135
2317 162 -0.3209706671
162 163 -449.4382022
163 163 450.4382022
164 164 454.5301227
165 164 -449.4382022
169 164 -1.675608928
176 164 -1.724025326
2323 164 -0.3455152078
2324 164 -0.3467709436
164 165 -449.4382022
165 165 450.4382022
156 166 -19.62573951
166 166 21.19986937
2388 166 -0.2881604519
2389 166 -0.2859694091
39 167 -1.073936649
153 167 -4.175085465
167 167 503.3292614
168 167 -449.4382022
189 167 -47.31823882
2405 167 -0.3237981936
152 168 -4.822172376
167 168 -449.4382022
168 168 504.438414
188 168 -47.31823882
196 168 -1.519696935
2404 168 -0.3401036078
164 169 -1.675608928
169 169 462.7128187
170 169 -449.4382022
182 169 -3.790769871
3117 169 -6.808237665
162 170 -3.459455667
169 170 -449.4382022
170 170 461.7696681
171 170 -0.6402542686
2415 170 -0.4235182886
3117 170 -6.808237665
170 171 -0.6402542686
171 171 2706.764052
172 171 -2702.702703
210 171 -2.421095199
171 172 -2702.702703
172 172 2705.664883
197 172 -1.962180419
173 173 453.3195323
174 173 -449.4382022
199 173 -2.468129229
2461 173 -0.413200868
173 174 -449.4382022
174 174 453.972596
195 174 -3.121192913
2461 174 -0.413200868
175 175 461.2403821
176 175 -449.4382022
204 175 -7.951895626
205 175 -2.332603048
2472 175 -0.5176811348
164 176 -1.724025326
175 176 -449.4382022
176 176 453.889704
178 176 -1.466184697
2473 176 -0.2612917435
157 177 -2.931624211
177 177 457.3694695
178 177 -449.4382022
180 177 -0.4046870728
198 177 -1.270577952
201 177 -2.132995572
2489 177 -0.1913824886
176 178 -1.466184697
177 178 -449.4382022
178 178 905.5183251
179 178 -449.4382022
181 178 -0.4046870728
199 178 -1.270577952
202 178 -2.132995572
2490 178 -0.3674752943
178 179 -449.4382022
179 179 450.4382022
159 180 -3.516264649
177 180 -0.4046870728
180 180 2736.243017
181 180 -2702.702703
3116 180 -28.61936248
178 181 -0.4046870728
180 181 -2702.702703
181 181 2732.098731
3116 181 -27.99134135
169 182 -3.790769871
182 182 457.1490241
183 182 -449.4382022
194 182 -2.506641843
2496 182 -0.07433240741
2497 182 -0.3390777319
182 183 -449.4382022
183 183 450.4382022
38 184 -5.456498945
41 184 -5.980656847
184 184 22.16681596
185 184 -0.1658997353
187 184 -5.280944295
197 184 -4.282816139
184 185 -0.1658997353
185 185 62.77288602
2528 185 -61.58280087
2530 185 0.02418541135
160 186 -5.587647313
186 186 2709.64639
187 186 -2702.702703
2532 186 -0.3560396115
97 187 -4.771643647
184 187 -5.280944295
186 187 -2702.702703
187 187 2713.995067
2533 187 -0.2397768008
26 188 -1.22553269
168 188 -47.31823882
188 188 501.7077407
189 188 -449.4382022
190 188 -0.365231947
221 188 -2.046243522
2534 188 -0.3142914668
161 189 -1.650621678
167 189 -47.31823882
188 189 -449.4382022
189 189 503.6868324
222 189 -1.782580326
234 189 -2.497189378
188 190 -0.365231947
190 190 1.365231947
191 191 453.0689478
192 191 -449.4382022
196 191 -2.192874403
2553 191 -0.4378711317
191 192 -449.4382022
192 192 452.3740117
238 192 -1.501012223
2554 192 -0.4347972262
162 193 -19.14961135
193 193 469.8384669
194 193 -449.4382022
2555 193 -0.2506533107
182 194 -2.506641843
193 194 -449.4382022
194 194 453.1955402
2556 194 -0.2506960633
161 195 -5.128224389
174 195 -3.121192913
195 195 470.7897083
196 195 -449.4382022
197 195 -0.5708642487
200 195 -11.53122445
168 196 -1.519696935
191 196 -2.192874403
195 196 -449.4382022
196 196 455.9835987
198 196 -1.407575286
2558 196 -0.4252497805
172 197 -1.962180419
184 197 -4.282816139
195 197 -0.5708642487
197 197 57.40772189
2557 197 -0.2332362767
2558 197 -0.3605073638
3112 197 -48.99811744
177 198 -1.270577952
196 198 -1.407575286
198 198 461.0576796
199 198 -449.4382022
206 198 -7.602573536
2571 198 -0.3387505306
173 199 -2.468129229
178 199 -1.270577952
198 199 -449.4382022
199 199 454.5023666
2572 199 -0.3254571615
195 200 -11.53122445
200 200 12.85106511
2577 200 -0.3198406531
177 201 -2.132995572
201 201 456.4126509
202 201 -449.4382022
203 201 -3.500421451
2643 201 -0.3410316188
155 202 -8.28719441
156 202 -3.245659665
178 202 -2.132995572
201 202 -449.4382022
202 202 464.4421163
2644 202 -0.3380644026
98 203 -1.546937445
201 203 -3.500421451
203 203 6.405113811
2765 203 -0.3577549153
175 204 -7.951895626
204 204 8.951895626
175 205 -2.332603048
205 205 453.1082574
206 205 -449.4382022
2788 205 -0.3374520823
198 206 -7.602573536
205 206 -449.4382022
206 206 458.3802199
2787 206 -0.3394441397
207 207 5.306148536
222 207 -3.975530397
2809 207 -0.3306181396
208 208 4.765994583
209 208 -0.6259385182
239 208 -3.140056064
208 209 -0.6259385182
209 209 2709.763491
210 209 -2702.702703
231 209 -5.434850251
171 210 -2.421095199
209 210 -2702.702703
210 210 2706.489605
2834 210 -0.3658070617
211 211 2728.918546
212 211 -2702.702703
213 211 -0.1785922489
218 211 -3.274177904
3120 211 -21.76307268
211 212 -2702.702703
212 212 2712.509376
225 212 -3.049700589
237 212 -5.474381951
2844 212 -0.2825910752
211 213 -0.1785922489
213 213 25.09853338
2843 213 -22.89151528
2845 213 -1.028425848
214 214 451.7706825
215 214 -449.4382022
222 214 -1.299643486
2848 214 -0.03283674961
214 215 -449.4382022
215 215 451.9528128
239 215 -1.459312658
2849 215 -0.05529787471
216 216 454.2959202
217 216 -449.4382022
218 216 -0.4133412508
232 216 -3.100543487
2867 216 -0.3438332049
216 217 -449.4382022
217 217 453.0137343
221 217 -2.229897032
2869 217 -0.3456350275
32 218 -3.410738766
211 218 -3.274177904
216 218 -0.4133412508
218 218 2710.949601
219 218 -2702.702703
220 218 -0.1486403753
218 219 -2702.702703
219 219 2703.702703
218 220 -0.1486403753
220 220 16.90626867
2868 220 -15.73556686
2870 220 0.02206143223
188 221 -2.046243522
217 221 -2.229897032
221 221 455.0404914
222 221 -449.4382022
2878 221 -0.3261486045
189 222 -1.782580326
207 222 -3.975530397
214 222 -1.299643486
221 222 -449.4382022
222 222 457.6180416
223 222 -0.122085117
222 223 -0.122085117
223 223 6.025474562
2877 223 -4.896922563
2879 223 0.006466882068
224 224 12.12110625
226 224 -1.175761983
229 224 -9.945344269
212 225 -3.049700589
225 225 2707.106655
226 225 -2702.702703
227 225 -0.3542520989
224 226 -1.175761983
225 226 -2702.702703
226 226 2704.878465
225 227 -0.3542520989
227 227 9.620938253
2954 227 7.414548244
2956 227 -0.8521379096
228 228 451.8028838
229 228 -449.4382022
234 228 -1.029714054
2957 228 -0.3349675079
23 229 -1.270845098
224 229 -9.945344269
228 229 -449.4382022
229 229 461.9878573
2958 229 -0.3334656388
230 230 2708.785084
231 230 -2702.702703
236 230 -4.764439746
3027 230 -0.3179419035
209 231 -5.434850251
230 231 -2702.702703
231 231 2709.137553
216 232 -3.100543487
232 232 453.8501099
233 232 -449.4382022
3048 232 -0.3113641386
232 233 -449.4382022
233 233 453.0985416
235 233 -2.408550157
3049 233 -0.2517892056
189 234 -2.497189378
228 234 -1.029714054
234 234 454.288009
235 234 -449.4382022
3069 234 -0.3229032937
233 235 -2.408550157
234 235 -449.4382022
235 235 453.1841448
3069 235 -0.3373923609
230 236 -4.764439746
236 236 2716.510616
237 236 -2702.702703
3095 236 -0.3644569378
3096 236 -0.3649310585
3120 236 -7.314085099
212 237 -5.474381951
236 237 -2702.702703
237 237 2709.177085
192 238 -1.501012223
238 238 452.2648486
239 238 -449.4382022
3100 238 -0.3256341628
208 239 -3.140056064
215 239 -1.459312658
238 239 -449.4382022
239 239 455.376922
3101 239 -0.3393510189
82 240 -1.939522404
240 240 2.939522404
241 241 7.966139374
278 241 -2.417261707
628 241 -4.548877667
242 242 127.9785691
243 242 -115.0582482
646 242 -9.556558349
650 242 -2.363762493
242 243 -115.0582482
243 243 119.4506176
303 243 -3.392369397
244 244 129.6718279
245 244 -115.0582482
485 244 -13.6135797
244 245 -115.0582482
245 245 129.8918224
474 245 -13.83357417
246 246 121.2604558
247 246 -115.0582482
662 246 -5.20220757
246 247 -115.0582482
247 247 122.3522319
771 247 -6.293983618
248 248 9.292204014
528 248 -4.412937026
557 248 -3.879266987
249 249 17.95461464
286 249 -12.75846825
817 249 -4.196146396
250 250 160.7586569
251 250 -115.0582482
261 250 -33.25368404
674 250 -11.44672466
250 251 -115.0582482
251 251 130.9738735
259 251 -12.45698392
457 251 -2.458641358
252 252 41.13111624
258 252 -36.24643021
497 252 -3.884686023
253 253 121.0952738
254 253 -115.0582482
497 253 -5.037025538
253 254 -115.0582482
254 254 124.2031426
261 254 -8.144894362
255 255 121.7931065
256 255 -115.0582482
496 255 -5.734858213
255 256 -115.0582482
256 256 145.2793501
257 256 -29.22110185
256 257 -29.22110185
257 257 42.92874718
324 257 -12.70764534
252 258 -36.24643021
258 258 152.3046785
259 258 -115.0582482
251 259 -12.45698392
258 259 -115.0582482
259 259 128.5152322
260 260 146.848251
261 260 -115.0582482
262 260 -1.011015009
323 260 -15.58754347
496 260 -3.531248553
796 260 -10.66019576
250 261 -33.25368404
254 261 -8.144894362
260 261 -115.0582482
261 261 164.4234402
365 261 -3.42811464
381 261 -3.538498919
260 262 -1.011015009
262 262 2.011015009
263 263 133.1601871
264 263 -115.0582482
831 263 -17.10193886
263 264 -115.0582482
264 264 123.3901788
657 264 -7.331930523
265 265 125.8936987
266 265 -115.0582482
772 265 -9.835450443
265 266 -115.0582482
266 266 120.4879991
421 266 -4.429750867
267 267 5.161529827
2375 267 -4.161529827
268 268 5.140523227
363 268 -4.140523227
269 269 118.7837033
270 269 -115.0582482
524 269 -2.725455043
269 270 -115.0582482
270 270 119.6771918
632 270 -3.618943598
271 271 124.8401361
272 271 -115.0582482
795 271 -8.781887834
271 272 -115.0582482
272 272 123.2791816
663 272 -7.220933377
273 273 29.41099867
315 273 -28.41099867
274 274 129.0310647
275 274 -115.0582482
637 274 -12.97281649
274 275 -115.0582482
275 275 118.9963631
826 275 -2.93811488
276 276 8.104923922
320 276 -3.491997942
380 276 -3.612925979
277 277 124.3721054
278 277 -115.0582482
352 277 -4.812107299
497 277 -3.501749893
241 278 -2.417261707
277 278 -115.0582482
278 278 118.4755099
279 279 19.60619032
362 279 -5.749475549
400 279 -12.85671477
280 280 118.4369818
281 280 -115.0582482
685 280 -2.378733546
280 281 -115.0582482
281 281 126.1203035
631 281 -10.06205531
282 282 66.24188925
811 282 -65.24188925
283 283 66.24188925
812 283 -65.24188925
284 284 21.48243835
330 284 -9.415579015
569 284 -11.06685934
285 285 122.3956356
286 285 -115.0582482
527 285 -6.337387352
249 286 -12.75846825
285 286 -115.0582482
286 286 128.8167165
287 287 119.0406718
288 287 -115.0582482
489 287 -2.98242354
287 288 -115.0582482
288 288 140.2957236
510 288 -24.23747537
289 289 118.7877092
290 289 -115.0582482
314 289 -2.729460988
289 290 -115.0582482
290 290 120.7246429
371 290 -4.666394672
291 291 1539.461538
775 291 -1538.461538
292 292 122.7375886
293 292 -115.0582482
415 292 -6.67934039
292 293 -115.0582482
293 293 125.2570462
526 293 -9.198797953
294 294 121.881117
295 294 -115.0582482
499 294 -2.290500417
573 294 -3.532368307
294 295 -115.0582482
295 295 133.1336433
343 295 -4.44007079
775 295 -12.63532423
296 296 3.862526834
768 296 -2.862526834
297 297 120.628004
298 297 -115.0582482
767 297 -4.569755771
297 298 -115.0582482
298 298 120.4380647
453 298 -4.379816445
299 299 124.3950162
300 299 -115.0582482
796 299 -8.336767957
299 300 -115.0582482
300 300 146.5935318
553 300 -30.53528352
301 301 184.5070617
302 301 -115.0582482
512 301 -12.835348
683 301 -24.90135905
703 301 -30.71210641
301 302 -115.0582482
302 302 128.2388119
498 302 -6.305635247
617 302 -5.874928373
243 303 -3.392369397
303 303 8.679967036
624 303 -4.287597638
304 304 19.40072321
667 304 -18.40072321
305 305 26.06356849
668 305 -25.06356849
306 306 23.46690928
667 306 -22.46690928
307 307 23.70954573
668 307 -22.70954573
308 308 122.5326998
309 308 -115.0582482
660 308 -3.834970881
825 308 -2.639480647
308 309 -115.0582482
309 309 121.4634313
2946 309 -5.405183029
310 310 191.5751906
776 310 -190.5751906
311 311 120.3784933
312 311 -115.0582482
1562 311 -4.320245051
311 312 -115.0582482
312 312 147.905382
667 312 -31.84713376
313 313 8.979486884
491 313 -3.166306687
517 313 -4.813180197
289 314 -2.729460988
314 314 171.2608766
315 314 -115.0582482
316 314 -0.4928774247
791 314 -51.98028992
273 315 -28.41099867
314 315 -115.0582482
315 315 164.7186744
597 315 -20.24942753
38 316 -0.6367813092
314 316 -0.4928774247
316 316 2.129658734
317 317 125.6002255
318 317 -115.0582482
320 317 -9.541977307
317 318 -115.0582482
318 318 120.7977668
508 318 -4.739518593
4 319 -0.355431541
319 319 16.91328236
650 319 -12.42330587
766 319 -3.134544949
5 320 -4.43115005
276 320 -3.491997942
317 320 -9.541977307
320 320 25.40622914
779 320 -6.941103842
5 321 0.004547872472
321 321 1.004547872
322 322 422.3483146
614 322 -421.3483146
260 323 -15.58754347
323 323 131.6457917
324 323 -115.0582482
257 324 -12.70764534
323 324 -115.0582482
324 324 128.7658936
325 325 9.259588286
340 325 -3.72077855
354 325 -4.538809736
326 326 119.8952716
327 326 -115.0582482
535 326 -3.837023345
326 327 -115.0582482
327 327 120.2408858
651 327 -4.182637541
328 328 118.8558841
329 328 -115.0582482
923 328 -2.797635878
328 329 -115.0582482
329 329 129.8152007
550 329 -13.75695251
284 330 -9.415579015
330 330 125.4738273
331 330 -115.0582482
330 331 -115.0582482
331 331 118.8695384
632 331 -2.81129013
332 332 118.2186618
333 332 -115.0582482
2906 332 -2.16041357
332 333 -115.0582482
333 333 122.9596943
696 333 -2.443704522
766 333 -4.457741517
334 334 19.78463136
519 334 -3.714128701
779 334 -15.07050266
335 335 1143.355009
779 335 -1142.355009
336 336 120.5236487
337 336 -115.0582482
528 336 -4.465400429
336 337 -115.0582482
337 337 119.4662406
789 337 -3.407992384
338 338 125.267181
339 338 -115.0582482
642 338 -9.208932803
338 339 -115.0582482
339 339 121.0063155
449 339 -4.948067258
325 340 -3.72077855
340 340 6.358363025
696 340 -1.637584475
341 341 8.173238096
540 341 -7.173238096
342 342 7.768539562
541 342 -6.768539562
295 343 -4.44007079
343 343 9.724361947
509 343 -4.284291157
344 344 24.98637092
528 344 -11.00593655
598 344 -12.98043437
345 345 17.59333425
370 345 -4.892905574
527 345 -11.70042868
346 346 295.8829141
791 346 -294.8829141
347 347 51.21793853
570 347 -24.75330514
572 347 -25.46463339
348 348 121.0885006
349 348 -115.0582482
782 348 -5.030252356
348 349 -115.0582482
349 349 120.4443766
552 349 -4.386128314
350 350 144.0383074
351 350 -115.0582482
535 350 -27.98005918
350 351 -115.0582482
351 351 118.2805892
739 351 -2.22234096
277 352 -4.812107299
352 352 12.00629236
418 352 -6.194185061
353 353 140.7662854
354 353 -115.0582482
596 353 -20.36520978
616 353 -4.342827388
325 354 -4.538809736
353 354 -115.0582482
354 354 124.2080934
508 354 -3.61103538
355 355 140.0972669
356 355 -115.0582482
754 355 -24.0390187
355 356 -115.0582482
356 356 125.5255551
424 356 -9.467306886
357 357 126.0405944
358 357 -115.0582482
482 357 -9.982346145
357 358 -115.0582482
358 358 121.3027153
376 358 -5.244467075
359 359 296.0819672
780 359 -295.0819672
360 360 235.6375801
781 360 -234.6375801
6 361 -0.3402952832
361 361 61.81983779
374 361 -6.143049218
377 361 -4.319648356
414 361 -30.19785516
444 361 -12.53515043
590 361 -7.283839335
7 362 -0.3351959435
279 362 -5.749475549
362 362 41.70514004
451 362 -11.79412497
507 362 -3.761179016
701 362 -19.06516457
268 363 -4.140523227
363 363 124.0345266
364 363 -115.0582482
807 363 -3.835755139
363 364 -115.0582482
364 364 124.9522577
636 364 -8.894009466
261 365 -3.42811464
365 365 7.708932354
706 365 -3.280817714
366 366 29.46822922
436 366 -24.29867416
706 366 -4.169555062
367 367 16.19553859
520 367 -15.19553859
368 368 10.66666631
385 368 -9.666666309
369 369 345.8275862
527 369 -344.8275862
345 370 -4.892905574
370 370 120.9511538
371 370 -115.0582482
290 371 -4.666394672
370 371 -115.0582482
371 371 120.7246429
372 372 37.30254605
791 372 -11.2879402
813 372 -25.01460584
373 373 14.51104482
528 373 -13.51104482
361 374 -6.143049218
374 374 122.2012975
375 374 -115.0582482
374 375 -115.0582482
375 375 122.9777869
525 375 -6.919538666
358 376 -5.244467075
376 376 17.29781544
654 376 -11.05334836
361 377 -4.319648356
377 377 120.3778966
378 377 -115.0582482
377 378 -115.0582482
378 378 136.8645242
506 378 -20.80627594
379 379 119.5543732
380 379 -115.0582482
503 379 -3.496124948
276 380 -3.612925979
379 380 -115.0582482
380 380 122.7972564
544 380 -3.126082221
261 381 -3.538498919
381 381 14.97158575
473 381 -10.43308683
382 382 128.5133983
383 382 -115.0582482
538 382 -12.45515007
382 383 -115.0582482
383 383 122.331044
683 383 -6.272795749
384 384 14.32288136
392 384 -7.823198539
2394 384 -5.499682818
368 385 -9.666666309
385 385 125.7249145
386 385 -115.0582482
385 386 -115.0582482
386 386 125.3527309
649 386 -9.294482659
387 387 25.93407181
540 387 -17.56620898
740 387 -7.367862834
388 388 131.7043719
389 388 -115.0582482
402 388 -15.64612366
388 389 -115.0582482
389 389 123.3922818
525 389 -7.334033515
390 390 25.99293874
792 390 -16.09850144
793 390 -8.894437294
391 391 30.82672542
782 391 -23.04476218
829 391 -6.781963238
384 392 -7.823198539
392 392 22.14950205
417 392 -3.22594741
627 392 -10.1003561
393 393 123.8454259
394 393 -115.0582482
809 393 -7.787177663
393 394 -115.0582482
394 394 120.3474103
604 394 -4.289162013
395 395 159.8341236
396 395 -115.0582482
413 395 -43.77587537
395 396 -115.0582482
396 396 162.5698761
798 396 -46.51162791
397 397 20.63031903
812 397 -19.63031903
398 398 119.0245365
399 398 -115.0582482
768 398 -2.966288222
398 399 -115.0582482
399 399 119.3938088
496 399 -3.335560607
279 400 -12.85671477
400 400 13.85671477
401 401 4.562822658
665 401 -3.562822658
388 402 -15.64612366
402 402 131.7043719
403 402 -115.0582482
402 403 -115.0582482
403 403 130.3734718
525 403 -14.31522356
404 404 234.4079883
405 404 -115.0582482
776 404 -118.3497401
404 405 -115.0582482
405 405 140.653818
452 405 -24.59556975
406 406 45.53625086
414 406 -25.82359135
426 406 -18.71265952
407 407 144.4520499
408 407 -115.0582482
799 407 -28.39380161
407 408 -115.0582482
408 408 139.9890188
413 408 -23.9307706
409 409 143.539687
410 409 -115.0582482
790 409 -27.48143877
409 410 -115.0582482
410 410 166.3475329
434 410 -17.66834002
783 410 -32.62094462
411 411 154.9693872
799 411 -136.2525841
811 411 -17.7168031
412 412 35.13170817
655 412 -21.62628748
776 412 -12.5054207
395 413 -43.77587537
408 413 -23.9307706
413 413 68.70664597
361 414 -30.19785516
406 414 -25.82359135
414 414 74.53107681
429 414 -17.5096303
292 415 -6.67934039
415 415 68.69610576
433 415 -38.56410115
702 415 -22.45266423
416 416 127.7962697
417 416 -115.0582482
522 416 -6.314023543
2430 416 -5.423997936
392 417 -3.22594741
416 417 -115.0582482
417 417 119.2841956
352 418 -6.194185061
418 418 12.56593533
457 418 -5.371750271
419 419 48.28766758
423 419 -47.28766758
420 420 128.2666774
421 420 -115.0582482
423 420 -12.2084292
266 421 -4.429750867
420 421 -115.0582482
421 421 120.4879991
422 422 132.9882783
423 422 -115.0582482
505 422 -4.473046116
703 422 -12.45698392
419 423 -47.28766758
420 423 -12.2084292
422 423 -115.0582482
423 423 175.554345
356 424 -9.467306886
424 424 125.5255551
425 424 -115.0582482
424 425 -115.0582482
425 425 129.9214899
788 425 -13.86324165
406 426 -18.71265952
426 426 134.7709078
427 426 -115.0582482
426 427 -115.0582482
427 427 122.9518617
525 427 -6.893613463
428 428 127.5406554
429 428 -115.0582482
443 428 -11.48240713
414 429 -17.5096303
428 429 -115.0582482
429 429 133.5678785
430 430 129.024717
431 430 -115.0582482
503 430 -12.96646871
430 431 -115.0582482
431 431 148.0642059
437 431 -32.00595771
432 432 124.9895875
433 432 -115.0582482
638 432 -8.931339224
415 433 -38.56410115
432 433 -115.0582482
433 433 154.6223494
410 434 -17.66834002
434 434 18.66834002
435 435 5.054485528
783 435 -4.054485528
366 436 -24.29867416
436 436 143.0489136
437 436 -115.0582482
517 436 -2.69199116
431 437 -32.00595771
436 437 -115.0582482
437 437 151.6884016
806 437 -3.624195614
438 438 120.6247501
439 438 -115.0582482
631 438 -4.566501853
438 439 -115.0582482
439 439 136.8142447
448 439 -16.65281458
830 439 -4.103181911
440 440 706.6290137
783 440 -693.8421509
798 440 -11.78686277
441 441 39.80467098
442 441 -35.19188089
526 441 -3.612790084
441 442 -35.19188089
442 442 42.16727445
810 442 -5.975393558
428 443 -11.48240713
443 443 127.5406554
444 443 -115.0582482
361 444 -12.53515043
443 444 -115.0582482
444 444 128.5933987
445 445 118.6667682
446 445 -115.0582482
640 445 -2.608519987
445 446 -115.0582482
446 446 126.0445035
975 446 -4.313700322
1033 446 -5.672554924
447 447 116.0582482
448 447 -115.0582482
439 448 -16.65281458
447 448 -115.0582482
448 448 132.7110628
339 449 -4.948067258
449 449 5.948067258
450 450 9.517018933
659 450 -3.791273329
2800 450 -4.725745604
362 451 -11.79412497
451 451 127.8523732
452 451 -115.0582482
405 452 -24.59556975
451 452 -115.0582482
452 452 140.653818
298 453 -4.379816445
453 453 126.7658001
454 453 -115.0582482
515 453 -6.327735402
453 454 -115.0582482
454 454 120.789076
686 454 -2.20733092
770 454 -2.523496828
455 455 517.6931638
784 455 -516.6931638
456 456 517.6931638
785 456 -516.6931638
251 457 -2.458641358
418 457 -5.371750271
457 457 8.830391629
458 458 71.84195348
786 458 -70.84195348
10 459 -15.94723975
459 459 60.77284494
463 459 -5.497009743
521 459 -6.857776246
780 459 -10.24798199
800 459 -21.22283722
13 460 -0.8277740626
460 460 53.1929494
464 460 -5.341765543
625 460 -34.82618818
649 460 -4.995077297
710 460 -6.202144316
10 461 0.01033958213
461 461 1.010339582
13 462 5.026221259
462 462 6.026221259
459 463 -5.497009743
463 463 14.73640127
549 463 -3.590502649
648 463 -4.648888875
460 464 -5.341765543
464 464 8.501810114
786 464 -2.160044571
465 465 4.729825436
2942 465 -3.729825436
466 466 11.53552888
566 466 -4.36331626
576 466 -6.172212616
467 467 119.3013373
468 467 -115.0582482
2946 467 -3.243089047
467 468 -115.0582482
468 468 129.7866168
509 468 -13.72836852
469 469 136.7016234
470 469 -115.0582482
580 469 -20.64337514
469 470 -115.0582482
470 470 145.5567733
525 470 -29.49852507
471 471 42.61833332
787 471 -41.61833332
472 472 47.81754449
788 472 -46.81754449
381 473 -10.43308683
473 473 17.73967642
519 473 -6.306589591
16 474 -3.046984748
245 474 -13.83357417
474 474 138.5286014
524 474 -14.2804955
669 474 -54.14276202
725 474 -10.8912385
761 474 -24.40944234
819 474 -16.92410415
17 475 -2.405697153
475 475 163.7475929
476 475 -115.0582482
676 475 -14.24488721
708 475 -21.88088287
735 475 -9.157877459
14 476 -0.3309039803
475 476 -115.0582482
476 476 182.5933296
487 476 -6.960656913
579 476 -12.58081217
672 476 -41.34165367
753 476 -5.321054605
16 477 0.1919675997
477 477 1.1919676
17 478 0.01863064425
478 478 1.018630644
479 479 123.3101804
480 479 -115.0582482
793 479 -7.251932122
479 480 -115.0582482
480 480 126.9823574
786 480 -10.92410921
481 481 127.769972
482 481 -115.0582482
832 481 -11.71172378
357 482 -9.982346145
481 482 -115.0582482
482 482 126.0405944
483 483 123.3393241
484 483 -115.0582482
555 483 -7.281075834
483 484 -115.0582482
484 484 139.056541
548 484 -22.99829278
244 485 -13.6135797
485 485 149.6208421
486 485 -115.0582482
711 485 -19.94901414
20 486 -4.779881315
485 486 -115.0582482
486 486 235.8963778
487 486 -115.0582482
476 487 -6.960656913
486 487 -115.0582482
487 487 145.2038785
698 487 -22.18497338
20 488 -0.8961283743
488 488 1.896128374
287 489 -2.98242354
489 489 119.0406718
490 489 -115.0582482
489 490 -115.0582482
490 490 119.0779578
539 490 -3.019709607
313 491 -3.166306687
491 491 4.166306687
492 492 12.36852845
535 492 -11.36852845
493 493 6.088191391
555 493 -5.088191391
494 494 9.119600342
554 494 -8.119600342
495 495 10.1129533
534 495 -9.112953298
21 496 -0.2864379505
255 496 -5.734858213
260 496 -3.531248553
399 496 -3.335560607
496 496 128.9463536
497 496 -115.0582482
252 497 -3.884686023
253 497 -5.037025538
277 497 -3.501749893
496 497 -115.0582482
497 497 128.4817097
302 498 -6.305635247
498 498 122.3638835
499 498 -115.0582482
294 499 -2.290500417
498 499 -115.0582482
499 499 118.3487487
500 500 118.2414598
501 500 -115.0582482
587 500 -2.183211513
500 501 -115.0582482
501 501 125.3765121
775 501 -9.318263828
502 502 9.427126938
544 502 -6.117900151
3038 502 -2.309226786
379 503 -3.496124948
430 503 -12.96646871
503 503 22.63559359
518 503 -5.172999929
504 504 134.5479767
505 504 -115.0582482
559 504 -16.18878079
563 504 -2.3009477
422 505 -4.473046116
504 505 -115.0582482
505 505 120.5312944
378 506 -20.80627594
506 506 23.90808028
621 506 -2.101804339
362 507 -3.761179016
507 507 8.823598024
586 507 -4.062419008
318 508 -4.739518593
354 508 -3.61103538
508 508 9.350553973
343 509 -4.284291157
468 509 -13.72836852
509 509 19.01265967
288 510 -24.23747537
510 510 143.5727283
511 510 -115.0582482
664 510 -3.277004675
510 511 -115.0582482
511 511 127.4394698
938 511 -5.099075842
1035 511 -6.282145688
301 512 -12.835348
512 512 36.28031937
560 512 -22.44497137
513 513 1860.956236
777 513 -1859.956236
514 514 2267.288952
778 514 -2266.288952
453 515 -6.327735402
515 515 122.3859836
516 515 -115.0582482
515 516 -115.0582482
516 516 118.2485489
518 516 -2.190300641
23 517 -0.2591972638
313 517 -4.813180197
436 517 -2.69199116
517 517 56.89417818
777 517 -26.58198071
778 517 -21.54782885
22 518 -0.2553907552
503 518 -5.172999929
516 518 -2.190300641
518 518 10.0866833
574 518 -1.467991978
334 519 -3.714128701
473 519 -6.306589591
519 519 11.02071829
367 520 -15.19553859
520 520 131.2537868
521 520 -115.0582482
459 521 -6.857776246
520 521 -115.0582482
521 521 122.9160245
416 522 -6.314023543
522 522 122.3722718
523 522 -115.0582482
522 523 -115.0582482
523 523 120.1815577
812 523 -4.123309476
269 524 -2.725455043
474 524 -14.2804955
524 524 18.00595054
24 525 -0.3304236514
375 525 -6.919538666
389 525 -7.334033515
403 525 -14.31522356
427 525 -6.893613463
470 525 -29.49852507
525 525 66.29135793
25 526 -0.33404799
293 526 -9.198797953
441 526 -3.612790084
526 526 41.94821744
638 526 -11.13065632
790 526 -16.67192509
1 527 -0.3420444603
285 527 -6.337387352
345 527 -11.70042868
369 527 -344.8275862
527 527 365.9701959
546 527 -1.762749193
2 528 -0.3557926838
248 528 -4.412937026
336 528 -4.465400429
344 528 -11.00593655
373 528 -13.51104482
528 528 40.68036203
597 528 -5.929250513
529 529 126.8313226
530 529 -115.0582482
534 529 -10.7730744
529 530 -115.0582482
530 530 120.6841607
794 530 -4.62591242
531 531 9.136107991
765 531 -3.831218591
804 531 -4.3048894
532 532 35.32805108
565 532 -34.32805108
